10 5 10 50 5 1
18 33.7276 0
47 0.450067 0
25 258.733 0
2 3858.14 0
2 1861.84 1
0 1 0 0 0 0 0 0 0 0 
0 199.991 0
25 242.07 0
1 4638.5 0
3 1689.65 0
45 0 1
0 1 0 0 0 0 0 0 0 0 
1 4206.87 0
3 1931.35 1
0 0.243811 0 0 0 0 0 0.756189 0 0 
52 0 1
0 0 0 0 0 0 0 1 0 0 
3 1699.58 1
0 1 0 0 0 0 0 0 0 0 
38 0 1
0 0 0 0 0 0 0 1 0 0 
3 1342.31 0
3 1277.87 1
0 1 0 0 0 0 0 0 0 0 
44 0.796557 0
6 169.47 0
46 1 1
0 0 0 0 0 0 0 1 0 0 
3 1652.27 1
0 0.00319565 0 0 0 0 0 0.996804 0 0 
1 5162.32 1
0 0.458393 0 0 0 0 0 0.541607 0 0 
2 4273.39 0
16 429.048 0
12 1.02833 1
0 0.998766 0 0 0 0 0 0.0012344 0 0 
18 24.3892 1
0 0.0451545 0 0 0 0.954845 0 0 0 0 
43 0.71264 1
0 0.00215718 0 0 0 0 0 0.997843 0 0 
26 0.339236 0
0 1874.09 0
28 0.388964 0
0 853.874 1
1 0 0 0 0 0 0 0 0 0 
27 0.284849 1
0.547988 0.452012 0 0 0 0 0 0 0 0 
0 2054.88 0
7 7.93912 0
41 0.142853 1
0.99629 0.00371015 0 0 0 0 0 0 0 0 
9 2.19697 1
0.936913 0.0630872 0 0 0 0 0 0 0 0 
7 7.51776 1
0 1 0 0 0 0 0 0 0 0 
16 385.431 0
12 2.3241 1
0.760901 0.239099 0 0 0 0 0 0 0 0 
14 46.0214 1
0 1 0 0 0 0 0 0 0 0 
33 0.659798 0
45 0.00767428 0
1 6747.64 0
0 1727.83 0
14 20.8451 0
0 326.676 0
18 65.9094 0
13 0.695931 0
14 0.24495 1
0 0.894331 0 0 0 0 0 0.105669 0 0 
32 0 1
0 0 0 0 0 0 0 1 0 0 
3 1359.23 1
0 1 0 0 0 0 0 0 0 0 
10 75.0246 0
7 7.83286 0
43 0.293648 0
2 4395.46 1
0 0.182297 0 0 0 0.817703 0 0 0 0 
32 0 1
0 0.588565 0 0 0 0.411435 0 0 0 0 
25 291.6 0
30 0.873067 0
50 0 1
0 1 0 0 0 0 0 0 0 0 
10 14.3224 1
0 0.0349476 0 0.00116367 0 0.0275621 0 0.000529383 0.935797 0 
25 324.045 0
16 150.013 1
0 0.115081 0 0 0 0.884919 0 0 0 0 
37 0.47336 1
0 0.087123 0 0 0 0 0 0 0.912877 0 
21 140.378 1
0 1 0 0 0 0 0 0 0 0 
1 4585.31 0
42 0.539795 0
4 0.15656 1
0 1 0 0 0 0 0 0 0 0 
18 75.0894 1
0 0.302402 0 0 0 0.697598 0 0 0 0 
25 242.78 0
20 2.24368 1
0 0.342187 0 0 0 0.657813 0 0 0 0 
2 1461.2 0
52 0.104351 0
25 267.316 1
0 0.0942339 0 0 0 0.905766 0 0 0 0 
25 318.029 0
29 0.381028 1
0 0.00141156 0 0 0 0.998588 0 0 0 0 
2 1108.16 1
0 0.00782002 0 0 0 0.99218 0 0 0 0 
11 0.00691982 0
28 1 1
0 0.421385 0 0 0 0.578615 0 0 0 0 
20 84.5002 0
29 0.343207 1
0 0.129394 0 0 0 0.870606 0 0 0 0 
39 0 1
0 1 0 0 0 0 0 0 0 0 
0 2193.37 0
25 240.177 0
50 0 1
0 0.966347 0 0 0 0 0.0336527 0 0 0 
1 3715.82 0
51 0.0209261 0
8 0.134608 1
0 0.846815 0 0 0 0.0917127 0.0614723 0 0 0 
17 1.0705 1
0 0.609461 0 0 0 0.390539 0 0 0 0 
46 0.560187 0
2 1353.52 0
6 1.42954 0
40 0.370494 1
0 0.00663697 0 0 0 0.993363 0 0 0 0 
26 0 1
0 0.206409 0 0 0 0.793591 0 0 0 0 
2 2704.81 0
1 4585.47 1
0 0.0559175 0 0 0 0.944082 0 0 0 0 
6 1.13649 1
0 0.371664 0 0 0.628336 0 0 0 0 0 
41 0 1
0 1 0 0 0 0 0 0 0 0 
9 11.6481 1
0 1 0 0 0 0 0 0 0 0 
23 245.083 0
9 101.451 0
34 0.539446 0
44 0.265271 0
9 7.139 0
48 0.503009 0
26 0.361578 0
43 0.747785 1
0.131599 0.868401 0 0 0 0 0 0 0 0 
29 0 1
1 0 0 0 0 0 0 0 0 0 
8 1.48413 1
0 0.967188 0 0 0.0328119 0 0 0 0 0 
8 0.173429 0
5 0.0320572 0
49 0 1
0 0.861279 0 0 0 0 0.138721 0 0 0 
13 0.520045 1
0 0.282813 0 0 0.717187 0 0 0 0 0 
32 0 1
0 1 0 0 0 0 0 0 0 0 
1 7644.79 0
35 0 1
1 0 0 0 0 0 0 0 0 0 
22 8.3252 1
0 0.282813 0 0 0.717187 0 0 0 0 0 
19 97.8412 0
44 0 1
0 0.000321018 0 0 0.999679 0 0 0 0 0 
28 0.138893 0
2 2650 1
0 0 0 0 1 0 0 0 0 0 
14 0.348495 0
17 5.67277 1
0 0.00560182 0 0 0.994398 0 0 0 0 0 
30 0 1
0 1 0 0 0 0 0 0 0 0 
12 2.22702 1
0 0 0 0 0 0 0 0 1 0 
22 49.772 1
0 1 0 0 0 0 0 0 0 0 
9 10.0648 0
2 1770.64 0
2 918.116 0
9 1.65817 1
0 0.977172 0 0.00626132 0 0 0.0165671 0 0 0 
13 0.585532 0
3 1160.45 0
0 2005.72 0
15 1.96601 0
9 0.183192 1
0 0.844542 0 0 0 0 0.155458 0 0 0 
25 242.567 1
0 0.253474 0 0 0 0 0.746526 0 0 0 
9 1.09286 1
0 1 0 0 0 0 0 0 0 0 
19 71.7958 0
47 0 1
0 1 0 0 0 0 0 0 0 0 
10 99.7537 1
0 0.113099 0 0 0 0 0.874374 0.0125278 0 0 
38 0 1
0 0.832192 0 0.0337715 0 0 0.134036 0 0 0 
23 76.5703 0
3 1371.48 0
18 59.0754 0
30 0.945592 1
0 1 0 0 0 0 0 0 0 0 
25 261.124 0
25 250.524 1
0 0.00708923 0 0 0 0.0272564 0 0 0.965654 0 
26 0.236231 1
0 1 0 0 0 0 0 0 0 0 
27 0 1
0 0 0 1 0 0 0 0 0 0 
7 7.3341 1
0 1 0 0 0 0 0 0 0 0 
9 18.7446 0
9 11.5425 0
17 1.04855 0
16 460.439 1
0 0.622526 0 0 0 0 0.377474 0 0 0 
31 1 1
0 0.930495 0 0 0 0 0.0695047 0 0 0 
15 2.84355 0
0 1447.86 1
0 0.0370155 0 0 0 0 0.962985 0 0 0 
27 0 1
0 0.436965 0 0 0 0 0.563035 0 0 0 
25 275.794 0
7 7.81201 0
40 0.0831975 1
0 0 0 0 0 0 0.973999 0 0.0260013 0 
1 1207.89 0
30 0.405732 1
0 0 0 0 0 0 0.784131 0 0.215869 0 
21 186.1 0
8 0.226777 1
0 0.0173326 0 0 0 0 0.982667 0 0 0 
25 231.935 1
0 0.0607454 0 0 0 0 0.939255 0 0 0 
34 0 1
0 0 0 1 0 0 0 0 0 0 
1 2120.53 0
16 379.369 0
25 235.618 0
17 1.13268 0
2 2002.19 0
18 101.262 1
0 0 0.0234371 0.976563 0 0 0 0 0 0 
8 0.154745 0
8 0.141619 1
0 0 0.470334 0.529666 0 0 0 0 0 0 
42 0 1
0 0 0.167925 0.832075 0 0 0 0 0 0 
16 212.496 0
41 0 1
0 0 0 1 0 0 0 0 0 0 
3 1650.63 0
4 0.110149 1
0 0 0 1 0 0 0 0 0 0 
3 1753.3 1
0 0 0.787231 0.212769 0 0 0 0 0 0 
2 651.231 0
25 268.288 0
10 133.977 0
43 0.119783 0
46 0 1
0 0 0 1 0 0 0 0 0 0 
0 2292.94 1
0 0 0.307475 0.692525 0 0 0 0 0 0 
39 0 1
0 0 1 0 0 0 0 0 0 0 
18 77.3534 0
22 2.32601 0
18 70.2878 1
0 0 1 0 0 0 0 0 0 0 
16 31.9045 1
0 0 0.240777 0.759223 0 0 0 0 0 0 
35 0 1
0 0 0.136866 0.863134 0 0 0 0 0 0 
0 2315.9 0
24 7.61897 0
49 1 1
0 0 0 1 0 0 0 0 0 0 
3 1227.67 0
25 245.57 0
23 10.1977 1
0 0 0.356909 0.643091 0 0 0 0 0 0 
17 4.50726 0
17 1.11825 1
0 0 0.906041 0.0939592 0 0 0 0 0 0 
20 2.2158 1
0 0 0 1 0 0 0 0 0 0 
0 2162.67 0
3 1462.14 0
25 259.943 1
0 0 0.660148 0.339852 0 0 0 0 0 0 
47 0 1
0 0 0.0956055 0.904395 0 0 0 0 0 0 
25 276.882 0
1 913.52 1
0 0 0.888788 0.111212 0 0 0 0 0 0 
0 2236.36 1
0 0 0 1 0 0 0 0 0 0 
2 860.27 1
0 0 0 1 0 0 0 0 0 0 
14 42.6234 1
0 0 0.0151306 0.984869 0 0 0 0 0 0 
10 31.2845 0
6 140.715 1
0 0 0 0.077865 0 0.922135 0 0 0 0 
52 0.626744 0
16 317.207 0
25 249.792 0
30 1 1
0 0 0 1 0 0 0 0 0 0 
22 2.68372 0
25 267.255 0
14 41.1204 1
0 0 0.470334 0.529666 0 0 0 0 0 0 
15 2.47722 1
0 0 0.962825 0.0371755 0 0 0 0 0 0 
24 20.4328 1
0 0 1 0 0 0 0 0 0 0 
51 0.652898 1
0 0 0.356909 0.643091 0 0 0 0 0 0 
18 154.74 0
18 101.756 0
10 56.3644 1
0 0 0.991359 0 0 0.00864146 0 0 0 0 
26 0.0488401 0
47 0 1
0 0 0.42851 0 0 0.57149 0 0 0 0 
7 73.2869 1
0 0 0.935985 0 0 0.0640151 0 0 0 0 
31 1 1
0 0 0 0 0 1 0 0 0 0 
18 35.637 0
46 0.942737 0
47 0.0268923 0
19 43.3055 0
0 2311.24 1
0 0.0230988 0 0 0 0.976901 0 0 0 0 
49 0.0234515 1
0 1 0 0 0 0 0 0 0 0 
26 0.175951 0
9 18.2869 0
24 8.83387 0
19 134.334 1
1 0 0 0 0 0 0 0 0 0 
30 0.441845 0
9 1.77297 0
0 1920.52 0
34 0.596807 1
1 0 0 0 0 0 0 0 0 0 
7 7.89687 1
0.938096 0.0619035 0 0 0 0 0 0 0 0 
29 0 1
0 1 0 0 0 0 0 0 0 0 
4 0.124145 1
0.0917577 0.908242 0 0 0 0 0 0 0 0 
1 7220 1
0 1 0 0 0 0 0 0 0 0 
7 7.69359 0
45 0 1
0 1 0 0 0 0 0 0 0 0 
7 7.89795 0
0 1953.24 1
0.602451 0.397549 0 0 0 0 0 0 0 0 
32 0 1
1 0 0 0 0 0 0 0 0 0 
21 148.183 0
14 0.231417 0
3 1167.94 1
0 0.00172914 0 0 0 0 0 0.998271 0 0 
0 107.557 0
0 66.877 0
28 0.472553 1
0 0.663846 0 0 0 0 0 0.336154 0 0 
31 0 1
0 0 0 0 0 0 0 1 0 0 
3 1587.98 0
20 27.362 1
0 1 0 0 0 0 0 0 0 0 
0 183.356 0
1 4122.02 0
45 0 1
0 1 0 0 0 0 0 0 0 0 
19 82.28 0
18 11.2561 0
7 7.30178 1
0 0.273339 0 0 0 0 0 0.726661 0 0 
12 109.795 1
0 0 0 0 0 0 0 1 0 0 
7 7.315 1
0 1 0 0 0 0 0 0 0 0 
1 5049.52 1
0 0.000838319 0 0 0 0 0 0.999162 0 0 
2 3863.02 0
11 0.0670945 1
0 1 0 0 0 0 0 0 0 0 
30 0.659146 0
3 1612.93 1
0 0.00169664 0 0 0 0 0 0.998303 0 0 
3 1525 0
28 0.750281 1
0 1 0 0 0 0 0 0 0 0 
1 4838.43 0
1 4076.58 1
0 0.0165639 0 0 0 0 0 0.983436 0 0 
24 10.5146 1
0 1 0 0 0 0 0 0 0 0 
33 0.0262828 0
45 0.60226 0
48 0.233813 0
52 0.659227 0
0 2141.42 0
19 90.9358 0
0 199.876 0
3 1665.07 0
5 0.0557774 1
0 1 0 0 0 0 0 0 0 0 
20 77.8589 1
0 0.53018 0 0 0 0 0 0.46982 0 0 
32 0.380263 0
25 294.594 0
15 26.4044 0
17 1.7012 1
0.016159 0.0957921 0 0.00114124 0 0.00675773 0.00150984 0.000778772 0.877861 0 
28 1 1
0 1 0 0 0 0 0 0 0 0 
1 4011.73 0
14 0.28 1
0 1 0 0 0 0 0 0 0 0 
2 2040.59 1
0 0.0232958 0 0 0 0.447834 0 0 0.52887 0 
25 251.239 0
27 0.854178 1
0 1 0 0 0 0 0 0 0 0 
6 1.02522 1
0 0.0466182 0 0 0.236439 0.716943 0 0 0 0 
25 255.091 0
14 14.9631 0
12 284.835 1
0 0.97874 0 0 0 0.02126 0 0 0 0 
9 1.25505 1
0 0.728824 0 0 0 0.271176 0 0 0 0 
1 3629.18 0
30 0.455426 1
0 0.823996 0 0 0 0.176004 0 0 0 0 
32 0.980145 0
0 1581.3 1
0 0.0494467 0 0 0 0.950553 0 0 0 0 
14 52.895 1
0 1 0 0 0 0 0 0 0 0 
51 0.323053 0
24 50.3515 1
0 0.959646 0 0 0 0.0172411 0.0231124 0 0 0 
6 1.26802 1
0 0.63586 0 0 0 0 0.36414 0 0 0 
21 597.655 0
0 423.635 0
38 0 1
0 1 0 0 0 0 0 0 0 0 
53 0.724966 0
0 2281.31 0
0 2159.23 0
0 1409.26 0
19 145.644 1
0 0.0826128 0 0 0 0.861679 0 0 0.0557082 0 
43 0.485578 1
0 0.00826464 0 0 0 0.991735 0 0 0 0 
2 1196.25 1
0 1 0 0 0 0 0 0 0 0 
19 63.8938 1
0 1 0 0 0 0 0 0 0 0 
29 0.0174053 0
43 0.106042 0
0 1627.39 1
0 0.803786 0 0 0 0.196214 0 0 0 0 
0 2142.64 0
22 15.2496 1
0 0.543171 0 0 0 0.456829 0 0 0 0 
42 1 1
0 1 0 0 0 0 0 0 0 0 
27 0.685671 0
2 2344.24 1
0 0.0314881 0 0 0 0.968512 0 0 0 0 
0 927 1
0 1 0 0 0 0 0 0 0 0 
10 58.4525 1
0 0 0 0 0 0 0 0 1 0 
36 0.532835 0
22 95.3289 0
22 19.1795 0
9 11.3881 0
4 0.0715781 1
0 1 0 0 0 0 0 0 0 0 
10 60.8656 0
32 0 1
0 1 0 0 0 0 0 0 0 0 
18 74.9829 1
0 0.579863 0 0 0.420137 0 0 0 0 0 
39 0.185209 0
9 0.458588 0
11 0.0331613 0
37 0.0757714 1
0 1 0 0 0 0 0 0 0 0 
23 922.307 0
5 0.0304469 1
0 0.0897375 0 0 0.910263 0 0 0 0 0 
22 39.45 1
0 1 0 0 0 0 0 0 0 0 
1 8300 1
0 1 0 0 0 0 0 0 0 0 
9 11.4538 1
0 0.0897375 0 0 0.910263 0 0 0 0 0 
7 8.00955 0
13 0.578146 0
42 0 1
0 0 0 0 1 0 0 0 0 0 
17 1.12557 0
39 0.434949 0
13 0.65353 1
0 0 0 0 1 0 0 0 0 0 
13 0.77123 1
0 0.0318159 0 0 0.968184 0 0 0 0 0 
20 2.44243 0
17 2.12787 0
37 0.572356 1
0 0 0 0 1 0 0 0 0 0 
7 7.62288 1
0 0.0469765 0 0 0.953023 0 0 0 0 0 
49 0 1
0 0.0897375 0 0 0.910263 0 0 0 0 0 
41 0 1
0 0.0897375 0 0 0.910263 0 0 0 0 0 
14 0.259631 1
0 0 0 0 0 0 0 0 1 0 
21 319.384 0
21 142.45 0
3 1743.73 0
4 0.246751 0
28 0.205515 1
0 0.856941 0 0 0 0.00764436 0 0 0.135414 0 
3 1483.43 1
0 0.697901 0 0.302099 0 0 0 0 0 0 
2 997.615 0
4 0.0800707 1
0 1 0 0 0 0 0 0 0 0 
25 234.326 1
0 0.139181 0 0 0 0 0.860819 0 0 0 
9 2.78383 0
19 42.9997 0
3 1449.6 0
0 1738.92 1
0 0.162495 0 0 0 0 0.837505 0 0 0 
47 0 1
0 1 0 0 0 0 0 0 0 0 
21 189.782 0
31 0.656747 1
0 0.984514 0 0.0126167 0 0 0 0.00286982 0 0 
4 0.164246 1
0 0.672506 0 0.327494 0 0 0 0 0 0 
26 0.393418 0
19 169.371 0
21 154.474 0
18 75.8281 1
0 0.639048 0 0 0 0 0.360952 0 0 0 
21 169.345 0
0 1516.64 0
49 0.16996 1
0 0.00322328 0 0 0 0 0.996777 0 0 0 
9 20.649 1
0 0.648285 0 0 0 0 0.351715 0 0 0 
43 0.0454081 0
8 0.180618 1
0 0 0 0 0 0 1 0 0 0 
17 4.21171 1
0 0.0177286 0 0 0 0 0.982271 0 0 0 
50 0 1
0 0 0 1 0 0 0 0 0 0 
37 0.146876 1
0 1 0 0 0 0 0 0 0 0 
11 0.0520975 1
0 0 0 0 0 0 0 0 1 0 
45 0.111972 0
18 159.684 0
10 25.8263 0
8 8.6309 1
0 0 0 0.077865 0 0.922135 0 0 0 0 
25 250.04 0
22 23.1818 1
0 0 0.217218 0.782782 0 0 0 0 0 0 
1 2965.11 0
18 110.665 0
43 0.321255 1
0 0 1 0 0 0 0 0 0 0 
6 113.476 1
0 0 0.769049 0.230951 0 0 0 0 0 0 
6 207.891 0
2 543.241 0
6 84.3841 1
0 0 0.818144 0 0 0.181856 0 0 0 0 
30 0.567005 1
0 0 0.991321 0.00291863 0 0.00576076 0 0 0 0 
20 335.891 1
0 0 0.59994 0 0 0.40006 0 0 0 0 
39 0.0635076 1
0 0 0.257095 0 0 0.742905 0 0 0 0 
25 237.64 0
2 1985.72 0
11 0.120091 0
2 1410.4 0
45 1 1
0 0 0 1 0 0 0 0 0 0 
12 2.37784 1
0 0 0.526061 0.473939 0 0 0 0 0 0 
14 0.228861 1
0 0 0.307475 0.692525 0 0 0 0 0 0 
18 102.898 0
9 3.21933 1
0 0 0.0711069 0.928893 0 0 0 0 0 0 
0 2311.75 1
0 0 0.838185 0.161815 0 0 0 0 0 0 
2 551.259 0
18 69.4998 0
3 1718.27 1
0 0 0.917354 0.0826462 0 0 0 0 0 0 
30 0.956227 0
6 122.17 0
43 0.492323 0
46 0 1
0 0 0 1 0 0 0 0 0 0 
18 74.3254 0
25 283.11 0
22 29.7755 1
0 0 0.787231 0.212769 0 0 0 0 0 0 
2 268.5 1
0 0 0 1 0 0 0 0 0 0 
20 2.22414 1
0 0 0 1 0 0 0 0 0 0 
47 0 1
0 0 1 0 0 0 0 0 0 0 
36 0 1
0 0 0 1 0 0 0 0 0 0 
16 235.762 0
0 2318.9 0
17 5.17315 0
2 735.278 0
3 1761.1 0
26 0.425656 1
0 0 0.596769 0.403231 0 0 0 0 0 0 
30 0.0215191 1
0 0 0 1 0 0 0 0 0 0 
25 258.233 0
15 2.04596 0
0 2045.92 1
0 0 0.809091 0.190909 0 0 0 0 0 0 
27 0 1
0 0 0.990302 0.00969763 0 0 0 0 0 0 
1 342.841 0
50 0 1
0 0 0 1 0 0 0 0 0 0 
7 73.056 1
0 0 0.865105 0.134895 0 0 0 0 0 0 
46 0 1
0 0 0 1 0 0 0 0 0 0 
18 74.3216 1
0 0 0 1 0 0 0 0 0 0 
24 8.78257 0
35 0 1
0 0 0 1 0 0 0 0 0 0 
10 67.1284 0
16 461.817 0
24 9.55041 0
8 0.211881 1
0 0 0.890589 0.109411 0 0 0 0 0 0 
22 0 1
0 0 0 1 0 0 0 0 0 0 
12 2.28172 1
0 0 0 1 0 0 0 0 0 0 
38 0 1
0 0 0.0525807 0.947419 0 0 0 0 0 0 
18 54.6239 0
47 0.705051 0
21 148.534 0
3 1688.25 0
19 28.3837 1
0 0.520996 0 0 0 0.479004 0 0 0 0 
0 105.38 0
1 4926.64 1
0 0.367232 0 0 0 0 0 0.632768 0 0 
1 4127.42 0
21 134.078 1
0 1 0 0 0 0 0 0 0 0 
1 5297.72 0
4 0.0530155 0
25 239.53 0
29 0 1
0 0 0 0 0 0 0 1 0 0 
10 64.771 1
0 0.0560636 0 0 0 0 0 0.943936 0 0 
18 36.2903 1
0 0 0 0 0 0 0 1 0 0 
32 0 1
0 1 0 0 0 0 0 0 0 0 
22 5.47294 0
2 4509.73 0
27 0.633616 0
3 1873.15 0
5 0.00996544 1
0 1 0 0 0 0 0 0 0 0 
3 1965.35 1
0 0.061762 0 0 0 0 0 0.938238 0 0 
3 1828.75 0
25 240.746 0
18 15.6657 1
0 0.692964 0 0 0 0 0 0.307036 0 0 
18 19.3117 1
0 1 0 0 0 0 0 0 0 0 
20 310.949 1
0 0.0467694 0 0 0 0 0 0.953231 0 0 
27 0.64046 0
14 0.297103 0
24 7.16438 1
0 0.738301 0 0 0 0 0 0.261699 0 0 
0 93.4135 1
0 0.360711 0 0 0 0 0 0.639289 0 0 
33 0 1
0 0.00144284 0 0 0 0 0 0.998557 0 0 
22 24.9135 1
0 0.0208097 0 0 0 0 0 0.97919 0 0 
0 2033.83 0
24 10.2248 0
0 1866.74 0
21 204.595 1
1 0 0 0 0 0 0 0 0 0 
14 0.228534 0
18 10.8758 1
0.889895 0.110105 0 0 0 0 0 0 0 0 
25 261.737 0
25 247.759 1
1 0 0 0 0 0 0 0 0 0 
7 7.82056 0
53 0 1
0.947876 0.052124 0 0 0 0 0 0 0 0 
17 1.10349 0
36 0 1
1 0 0 0 0 0 0 0 0 0 
43 0.98205 1
0.232589 0.767411 0 0 0 0 0 0 0 0 
0 990.445 1
0.232589 0.767411 0 0 0 0 0 0 0 0 
30 0 1
0 1 0 0 0 0 0 0 0 0 
33 0.296787 0
52 0.0653926 0
2 1581.87 0
1 1725.14 0
21 149.695 0
9 1.36705 0
6 191.191 0
28 0.825932 1
0 1 0 0 0 0 0 0 0 0 
2 689.792 1
0 0.204256 0 0.795744 0 0 0 0 0 0 
16 83.441 0
1 968.809 0
41 0 1
0 1 0 0 0 0 0 0 0 0 
3 1789.76 1
0 0.114533 0 0 0 0 0.885467 0 0 0 
9 7.3891 1
0 0.950986 0 0 0 0 0.0490144 0 0 0 
26 0.891537 0
19 132.263 0
24 217.453 0
9 16.3078 0
9 0.275269 0
19 18.9297 1
0 0.874762 0 0 0 0 0.125238 0 0 0 
0 1615.13 1
0 0.235457 0 0 0 0 0.764543 0 0 0 
12 200.906 1
0 0.000309842 0 0 0 0 0.99969 0 0 0 
41 0 1
0 1 0 0 0 0 0 0 0 0 
16 306.132 1
0 0.556013 0 0.191129 0 0 0.252858 0 0 0 
6 1.21198 1
0 1 0 0 0 0 0 0 0 0 
23 25.0806 0
42 0.366044 0
2 367.691 1
0 0.801062 0 0 0 0 0.0139956 0 0.184942 0 
25 252.628 0
30 0.601805 1
0 0.871175 0 0 0 0.128825 0 0 0 0 
13 1.38569 0
13 0.38981 0
14 51.2535 1
0 1 0 0 0 0 0 0 0 0 
6 127.202 0
0 605.704 1
0 0.132695 0 0 0 0.867305 0 0 0 0 
45 0 1
0 1 0 0 0 0 0 0 0 0 
15 1.95799 1
0 0.409537 0 0 0 0.590463 0 0 0 0 
43 0.672672 0
45 0 1
0 0 0 0 0 1 0 0 0 0 
36 0.898462 1
0 0.0416198 0 0.0135119 0 0 0 0 0.944868 0 
48 0.382063 0
49 0.189024 0
17 1.57478 0
3 1659.36 0
16 681.304 0
18 58.4843 0
13 0.459248 1
0 1 0 0 0 0 0 0 0 0 
10 93.3486 0
0 186.327 1
0.0181711 0.0704956 0 0 0.00334149 0.00886573 0.00169784 0 0.897428 0 
16 353.467 1
0 0.529871 0 0 0 0.470129 0 0 0 0 
2 3268.1 1
0 1 0 0 0 0 0 0 0 0 
47 0 1
0 0.419765 0 0 0 0 0.0408206 0 0.539415 0 
15 1.80773 1
0 1 0 0 0 0 0 0 0 0 
3 1220.04 0
21 641.359 1
0 0.0376787 0 0 0 0 0 0 0.962321 0 
9 21.7019 0
9 0.581938 0
29 0 1
0 1 0 0 0 0 0 0 0 0 
6 1.01297 1
0 0.204256 0 0.795744 0 0 0 0 0 0 
47 0 1
0 0 0 0 0 0 0.707741 0 0.292259 0 
22 92.0347 0
16 502.254 0
46 0 1
0 0.744489 0 0 0.0331218 0 0 0 0.222389 0 
22 27.6053 0
36 0 1
0 0.780173 0 0 0.219827 0 0 0 0 0 
18 75.2392 1
0 0 0 0 0.12963 0 0 0 0.87037 0 
21 210.74 0
8 0.17215 0
1 8300 1
0 0 0 0 1 0 0 0 0 0 
4 0.136506 0
32 0 1
0 0 0 0 1 0 0 0 0 0 
13 0.522507 0
23 22.182 1
0 0 0 0 1 0 0 0 0 0 
13 0.597323 0
7 7.56972 1
0 0 0 0 1 0 0 0 0 0 
22 122.818 1
0 0.0168561 0 0 0.983144 0 0 0 0 0 
20 2.415 1
0 1 0 0 0 0 0 0 0 0 
9 227.797 0
53 0.686888 0
0 349.689 0
33 0 1
0 1 0 0 0 0 0 0 0 0 
14 14.4721 0
23 61.7797 0
0 2219 0
10 112.086 0
20 235.812 0
26 0.329358 1
0 0.0674416 0 0 0 0.932558 0 0 0 0 
25 270.948 1
0 0.0809639 0 0 0 0 0 0 0.919036 0 
2 2076.66 1
0 0.780443 0 0 0 0.219557 0 0 0 0 
19 46.0132 1
0 1 0 0 0 0 0 0 0 0 
5 0.00469998 1
0 0.71189 0 0 0 0.28811 0 0 0 0 
14 94.966 0
40 0.945609 0
25 259.981 0
15 2.01726 1
0 1 0 0 0 0 0 0 0 0 
2 1452.31 0
32 0.62721 1
0 0.00524454 0 0 0 0.994755 0 0 0 0 
31 0.302671 1
0 0.221026 0 0 0 0.778974 0 0 0 0 
38 0 1
0 1 0 0 0 0 0 0 0 0 
3 1420.18 1
0 0 0 0 0 1 0 0 0 0 
29 0.0291491 0
23 12.5534 0
6 1.06977 0
24 9.62829 0
4 0.0278464 1
0 0.0610537 0 0 0 0.938946 0 0 0 0 
9 0.237399 1
0 1 0 0 0 0 0 0 0 0 
16 282.844 0
22 5.23929 1
0 0.795977 0 0 0 0.204023 0 0 0 0 
26 0.888716 1
0 0.377679 0 0 0 0.622321 0 0 0 0 
40 0.902264 1
0 0.93978 0 0 0 0.0602205 0 0 0 0 
13 0.470705 1
0 0.0465 0 0 0 0.9535 0 0 0 0 
50 0 1
0 0 0 0 0 0 0 0 1 0 
25 239.36 0
3 1952.68 0
22 27.2563 0
7 47.9334 0
20 2.40076 1
0 0 0.356909 0.643091 0 0 0 0 0 0 
2 2590.29 0
15 46.6977 1
0 0 0 1 0 0 0 0 0 0 
0 1624.35 1
0 0 0.425282 0.574718 0 0 0 0 0 0 
2 731.118 1
0 0 0.185813 0.814187 0 0 0 0 0 0 
3 1988.69 0
12 59.0555 1
0 0 0.121842 0.878158 0 0 0 0 0 0 
17 1.09716 0
3 2115.68 1
0 0 0.121842 0.878158 0 0 0 0 0 0 
19 78.9941 1
0 0 0.816173 0.183827 0 0 0 0 0 0 
45 0.193502 0
19 30.8064 0
48 0 1
0 0 0 0 0 1 0 0 0 0 
14 1229.78 0
52 0.90286 0
24 9.82564 0
20 249.049 0
26 0.571061 0
13 0.456618 0
11 0.06 1
0 0 0 1 0 0 0 0 0 0 
10 21.1756 1
0 0 0.96382 0.0361802 0 0 0 0 0 0 
29 0.518922 1
0 0 1 0 0 0 0 0 0 0 
12 2.215 1
0 0 0 1 0 0 0 0 0 0 
10 50.1937 1
0 0 0.721444 0.278556 0 0 0 0 0 0 
2 566.533 0
41 0 1
0 0 0 0 0 1 0 0 0 0 
10 47.1227 0
6 207.605 1
0 0 0.887299 0 0 0.112701 0 0 0 0 
29 0.0450309 0
1 4869.24 1
0 0 0.991835 0 0 0.0081653 0 0 0 0 
3 1199.34 1
0 0 0.749953 0 0 0.250047 0 0 0 0 
8 0.185808 1
0 0 0 0 0 1 0 0 0 0 
2 713.119 0
18 71.2529 0
17 1.68589 1
0 0 0.917354 0.0826462 0 0 0 0 0 0 
43 0.313719 0
13 0.785313 0
5 0.0057878 1
0 0 0.00887203 0.991128 0 0 0 0 0 0 
8 0.160781 1
0 0 0.388107 0.611893 0 0 0 0 0 0 
5 0.0215968 0
22 55.77 0
0 1523.08 0
0 398.967 1
0 0 0 1 0 0 0 0 0 0 
22 29.9835 0
24 8.40474 1
0 0 0.649118 0.350882 0 0 0 0 0 0 
30 0 1
0 0 0 1 0 0 0 0 0 0 
36 0 1
0 0 0 1 0 0 0 0 0 0 
16 179.184 1
0 0 0.217218 0.782782 0 0 0 0 0 0 
23 159.825 0
16 398.117 0
1 504.582 0
25 261.101 1
0 0 0 1 0 0 0 0 0 0 
20 230.256 0
17 3.66229 0
12 1.40378 0
12 0.875 1
0 0 0 1 0 0 0 0 0 0 
0 2121.64 1
0 0 0.90546 0.0945402 0 0 0 0 0 0 
22 28.3508 1
0 0 0 1 0 0 0 0 0 0 
35 0 1
0 0 0.287561 0.712439 0 0 0 0 0 0 
32 0 1
0 0 0 1 0 0 0 0 0 0 
18 73.9556 1
0 0 0.36274 0.63726 0 0 0 0 0 0 
31 0.398303 0
1 6931.1 0
21 148.812 0
52 0.502093 0
3 1526.16 0
34 0 1
0 1 0 0 0 0 0 0 0 0 
0 307.344 0
1 4851.58 0
18 11.2779 0
10 59.6889 0
53 0 1
0 0 0 0 0 0 0 1 0 0 
8 0.099588 1
0 0.53018 0 0 0 0 0 0.46982 0 0 
18 11.4513 0
3 1932.58 1
0 0.0467694 0 0 0 0 0 0.953231 0 0 
34 0 1
0 0 0 0 0 0 0 1 0 0 
4 0.131385 1
0 1 0 0 0 0 0 0 0 0 
2 2777.2 0
0 862.182 1
0 1 0 0 0 0 0 0 0 0 
1 4763.02 1
0 0.00049601 0 0 0 0 0 0.999504 0 0 
12 2.61233 1
0 0.028867 0 0 0 0.971133 0 0 0 0 
7 7.56879 0
2 4086.69 0
30 0.459826 0
8 0.189808 1
0 1 0 0 0 0 0 0 0 0 
46 0.606707 1
0 0.360711 0 0 0 0 0 0.639289 0 0 
1 4790.85 0
1 4108.86 0
13 0.4775 1
0 1 0 0 0 0 0 0 0 0 
44 0.597614 0
18 20.7016 1
0 0.00651818 0 0 0 0 0 0.993482 0 0 
10 63.8597 0
21 174.716 1
0 0.53018 0 0 0 0 0 0.46982 0 0 
7 7.39133 1
0 0 0 0 0 0 0 1 0 0 
25 232.285 1
0 1 0 0 0 0 0 0 0 0 
21 156.957 0
25 248.358 0
5 0.0565667 1
0 0.184136 0 0 0 0 0 0.815864 0 0 
1 3718.52 1
0 0.990854 0 0 0 0 0 0.0091463 0 0 
2 4156.3 0
3 1905.61 0
45 0.125604 0
8 0.147779 1
0 1 0 0 0 0 0 0 0 0 
3 1174.05 1
0 0.53018 0 0 0 0 0 0.46982 0 0 
43 0 1
0 0 0 0 0 0 0.102369 0.897631 0 0 
3 1562.8 0
4 0.172659 1
0 0.871314 0 0 0 0 0 0.128686 0 0 
0 930.88 1
0 0.00319115 0 0 0 0 0 0.996809 0 0 
28 0.951499 0
16 5.08259 0
13 0.145472 1
1 0 0 0 0 0 0 0 0 0 
21 160.941 0
43 0.220059 1
1 0 0 0 0 0 0 0 0 0 
19 139.801 0
23 10.9822 0
26 0 1
0.982194 0.0178059 0 0 0 0 0 0 0 0 
16 8.66016 1
0.446971 0.553029 0 0 0 0 0 0 0 0 
28 0 1
0 1 0 0 0 0 0 0 0 0 
43 0.578546 0
18 11.64 0
30 0.425756 1
0 1 0 0 0 0 0 0 0 0 
0 969.183 1
0.492351 0.507649 0 0 0 0 0 0 0 0 
5 0.0739132 0
8 0.208887 1
1 0 0 0 0 0 0 0 0 0 
20 2.19657 1
0.173736 0 0.826264 0 0 0 0 0 0 0 
7 9.69539 0
49 0.629652 0
1 8192.73 0
2 1807.6 0
36 0.791655 0
52 0.98117 0
25 252.066 0
3 1160.23 0
7 7.79245 0
10 94.0943 1
0 1 0 0 0 0 0 0 0 0 
4 0.115449 0
1 2379.55 1
0 0.114409 0 0.445716 0 0.439875 0 0 0 0 
18 74.2244 1
0 1 0 0 0 0 0 0 0 0 
5 0.104664 1
0 0.805468 0 0 0 0 0 0 0.194532 0 
0 2136.55 0
42 0.85462 0
5 0.0488328 1
0 0.834562 0 0 0 0 0.165438 0 0 0 
1 4952.82 0
7 7.64667 1
0 0.533672 0 0 0 0.466328 0 0 0 0 
37 0.930834 1
0 0.0358252 0 0 0 0.964175 0 0 0 0 
13 0.35363 1
0 0.903507 0 0 0 0.0964935 0 0 0 0 
20 45.3061 0
2 1266.47 0
23 410.454 0
0 244.413 0
10 50.6579 1
0 1 0 0 0 0 0 0 0 0 
14 71.6102 1
0 0.0187006 0 0 0 0.981299 0 0 0 0 
15 1.99886 1
0 1 0 0 0 0 0 0 0 0 
25 284.617 0
2 1656.73 0
23 65.4539 1
0 0.578909 0 0 0 0.421091 0 0 0 0 
12 1.74862 1
0 0.767146 0 0 0 0.232854 0 0 0 0 
18 67.2496 0
11 0.08 1
0 1 0 0 0 0 0 0 0 0 
10 7.746 1
0 0.165047 0 0 0 0.834953 0 0 0 0 
25 290.286 0
16 587.138 1
0 0.0733526 0 0 0 0.0940077 0 0 0.83264 0 
4 0.152462 1
0 0 0 0 0 1 0 0 0 0 
13 0.558115 1
0 0 0 0 0 0 0 0 1 0 
53 0.862053 0
7 7.57067 0
26 0.731827 1
0 0.907964 0 0 0.0667394 0.0252964 0 0 0 0 
52 0.48428 0
10 102.536 0
0 762.403 0
21 190.578 1
0 1 0 0 0 0 0 0 0 0 
0 2197.76 0
16 140.006 1
0.0168774 0.0577481 0 0 0 0.0105727 0.00177165 0 0.91303 0 
41 0.668756 1
0 0.908216 0 0 0 0 0.0917842 0 0 0 
2 2919.63 0
16 255.584 0
44 0 1
0 1 0 0 0 0 0 0 0 0 
19 148.242 1
0 0.13499 0 0 0 0.86501 0 0 0 0 
30 0.949228 0
1 6155.35 1
0 1 0 0 0 0 0 0 0 0 
10 108.433 1
0 0.206409 0 0 0 0.793591 0 0 0 0 
0 2165.26 0
10 22.9814 0
14 13.7742 1
0 0.645473 0 0 0 0.354527 0 0 0 0 
6 184.224 0
12 0.790287 1
0 0.0772427 0 0 0 0.593959 0 0 0.328799 0 
49 0 1
0 1 0 0 0 0 0 0 0 0 
40 0 1
0 1 0 0 0 0 0 0 0 0 
7 7.72535 0
7 7.70687 0
33 0 1
0 0.700675 0 0 0 0.299325 0 0 0 0 
24 9.1981 1
0 0.47653 0 0 0 0.52347 0 0 0 0 
38 0 1
0 0.851236 0 0 0 0.148764 0 0 0 0 
9 282.883 0
22 14.2808 0
16 494.933 0
39 0.439093 1
0 1 0 0 0 0 0 0 0 0 
22 8.56937 0
39 0 1
0 1 0 0 0 0 0 0 0 0 
7 7.75427 1
0 0.440926 0 0 0.559074 0 0 0 0 0 
8 15.9748 0
21 206.247 0
23 94.6659 0
13 0.241356 0
20 2.37 1
0 1 0 0 0 0 0 0 0 0 
22 28.3604 0
6 1.05125 1
0 1 0 0 0 0 0 0 0 0 
24 7.41855 1
0 0.0114652 0 0 0.988535 0 0 0 0 0 
9 0.747254 1
0 1 0 0 0 0 0 0 0 0 
49 0 1
0 1 0 0 0 0 0 0 0 0 
23 18.9167 1
0 1 0 0 0 0 0 0 0 0 
37 0.394611 1
0 0 0 0 0 0 0 0 1 0 
21 711.098 0
3 1177.79 0
19 60.6372 0
30 0.485964 0
16 157.433 1
0 0.0767688 0 0 0 0 0.923231 0 0 0 
50 0 1
0 1 0 0 0 0 0 0 0 0 
23 42.1557 0
13 0.500052 1
0 0.918711 0 0 0 0 0.0812889 0 0 0 
18 75.7581 0
9 15.8899 1
0 0.81356 0 0.18644 0 0 0 0 0 0 
9 6.06577 0
51 0 1
0 1 0 0 0 0 0 0 0 0 
19 76.5801 1
0 0.0720195 0 0 0 0 0.927981 0 0 0 
21 142.186 0
9 0.390214 0
18 88.3074 1
0 0.989745 0 0.0102549 0 0 0 0 0 0 
5 0.0125688 0
36 0 1
0 1 0 0 0 0 0 0 0 0 
2 821.006 1
0 0.295964 0 0 0 0 0.704036 0 0 0 
9 12.6637 0
0 1606.75 0
1 1195.11 0
10 53.6784 0
38 0 1
0 1 0 0 0 0 0 0 0 0 
15 1.8141 0
18 94.22 1
0 0 0 1 0 0 0 0 0 0 
9 1.05248 1
0 0.119575 0 0 0 0 0.880425 0 0 0 
7 7.55679 0
14 0.360359 1
0 0.114533 0 0 0 0 0.885467 0 0 0 
12 1.11661 1
0 1 0 0 0 0 0 0 0 0 
43 0.499094 1
0 0.968556 0 0.0314442 0 0 0 0 0 0 
24 7.17279 0
17 1.03583 1
0 0.0884321 0 0 0 0 0.911568 0 0 0 
8 0.249562 1
0 0 0 0 0 0 1 0 0 0 
45 1 1
0 0 0 0 0 0 0 0 1 0 
49 0.164366 0
52 0.810868 0
20 244.932 0
26 0.773979 0
13 0.532222 0
5 0 1
0 0 0.639765 0.360235 0 0 0 0 0 0 
16 230.464 0
25 236.747 0
16 28.68 1
0 0 0 1 0 0 0 0 0 0 
24 9.85748 1
0 0.00321038 0.971776 0.025014 0 0 0 0 0 0 
16 346.89 1
0 0 0.470334 0.529666 0 0 0 0 0 0 
3 1597.83 1
0 0 1 0 0 0 0 0 0 0 
34 0 1
0 0 0 1 0 0 0 0 0 0 
0 732.837 0
22 8.81002 1
0 0 0 0 0 1 0 0 0 0 
18 124.245 0
29 0.719765 0
21 274.63 1
0 0 1 0 0 0 0 0 0 0 
1 5033.01 1
0 0 0.918348 0 0 0.0816515 0 0 0 0 
48 0 1
0 0 0 0 0 1 0 0 0 0 
16 384.349 0
2 424.737 0
17 2.11751 0
10 105.188 1
0 0 0.0290305 0.970969 0 0 0 0 0 0 
3 1680.02 0
34 0 1
0 0 0 1 0 0 0 0 0 0 
9 0.0650043 0
47 0 1
0 0 0 1 0 0 0 0 0 0 
1 854.536 1
0 0 0.824147 0.175853 0 0 0 0 0 0 
23 282.118 0
2 1012.11 0
16 118.02 0
37 0.709009 0
12 1.36545 0
22 0 1
0 0 0 1 0 0 0 0 0 0 
14 0.344667 1
0 0 0.869449 0.130551 0 0 0 0 0 0 
7 24.5554 1
0 0 0 1 0 0 0 0 0 0 
26 0.311314 0
6 153.116 0
2 828.456 0
6 0.994018 1
0 0 0.066162 0.933838 0 0 0 0 0 0 
18 110.61 1
0 0 0.217218 0.782782 0 0 0 0 0 0 
50 0 1
0 0 1 0 0 0 0 0 0 0 
0 797.143 1
0 0 0.689437 0.310563 0 0 0 0 0 0 
24 8.04825 0
16 192.751 1
0 0 0 1 0 0 0 0 0 0 
13 0.0706908 0
26 1 1
0 0 0 1 0 0 0 0 0 0 
17 5.18685 0
1 544.552 0
39 0 1
0 0 0.167925 0.832075 0 0 0 0 0 0 
0 2049.31 1
0 0 0.888915 0.111085 0 0 0 0 0 0 
38 0 1
0 0 0 1 0 0 0 0 0 0 
18 70.5133 0
8 0.155394 1
0 0 1 0 0 0 0 0 0 0 
11 0.123103 0
9 26.8692 1
0 0 0.0414532 0.958547 0 0 0 0 0 0 
4 0.11 1
0 0 1 0 0 0 0 0 0 0 
40 0.304976 1
0 0 0.0157199 0.98428 0 0 0 0 0 0 
18 46.4233 0
47 0.613845 0
25 255.043 0
1 4855.54 0
46 0.853679 0
51 0.466529 1
0 1 0 0 0 0 0 0 0 0 
2 3870.18 0
19 79.8391 1
0 1 0 0 0 0 0 0 0 0 
3 1588.73 0
4 0.106794 1
0 1 0 0 0 0 0 0 0 0 
7 7.45355 0
14 0.231232 0
9 0.0167471 1
0 0 0 0 0 0 0 1 0 0 
5 0.0269329 0
0 192.48 0
1 4112.62 1
0 0.0487915 0 0 0 0 0 0.951208 0 0 
46 1 1
0 0.00437175 0 0 0 0 0 0.995628 0 0 
8 0.174524 0
1 4113.69 1
0 0.091534 0 0 0 0 0 0.908466 0 0 
31 0 1
0 0 0 0 0 0 0 1 0 0 
48 0 1
0 0 0 0 0 0 0 1 0 0 
8 0.210799 1
0 1 0 0 0 0 0 0 0 0 
2 4083.28 0
16 523.4 1
0 0.95422 0 0 0 0.0448406 0 0.000939546 0 0 
43 0.110167 0
18 19.4144 0
18 11.6535 1
0 0.00109019 0 0 0 0 0 0.99891 0 0 
2 4597.02 1
0 0.311005 0 0 0 0 0 0.688995 0 0 
47 0 1
0 1 0 0 0 0 0 0 0 0 
28 0.225442 0
0 1920.05 0
34 0 1
1 0 0 0 0 0 0 0 0 0 
16 7.62498 0
27 0 1
1 0 0 0 0 0 0 0 0 0 
19 119.003 0
0 1952.89 0
49 0 1
1 0 0 0 0 0 0 0 0 0 
0 1953.51 1
0.206214 0.793786 0 0 0 0 0 0 0 0 
24 9.36517 1
0 1 0 0 0 0 0 0 0 0 
27 0.662266 0
15 2.02396 1
0.102057 0.897943 0 0 0 0 0 0 0 0 
45 0 1
1 0 0 0 0 0 0 0 0 0 
49 0.328045 0
2 1667.15 0
7 28.3805 0
9 200.908 0
1 4403.67 0
3 1367.09 0
5 0.0293429 0
7 7.87244 1
0 0.882941 0 0 0 0.117059 0 0 0 0 
11 0.0194023 0
2 1158.86 0
22 0 1
0 0.339224 0 0.660776 0 0 0 0 0 0 
17 1.14525 0
17 1.06969 1
0 0.257495 0 0 0 0.742505 0 0 0 0 
13 2.475 1
0 1 0 0 0 0 0 0 0 0 
4 0.146884 1
0 0.105115 0 0 0 0 0 0 0.894885 0 
1 3137.3 1
0 0.981989 0 0 0 0 0.0180114 0 0 0 
0 251.351 0
18 108.722 1
0 1 0 0 0 0 0 0 0 0 
14 76.04 0
23 169.24 0
2 1177.49 0
7 7.38382 0
41 0 1
0 1 0 0 0 0 0 0 0 0 
1 5772.79 1
0 0.0402098 0 0 0 0.95979 0 0 0 0 
0 2286.68 0
2 1621.91 1
0 0.167532 0 0 0 0.654185 0 0 0.178283 0 
44 0 1
0 1 0 0 0 0 0 0 0 0 
39 0 1
0 1 0 0 0 0 0 0 0 0 
37 0.545148 1
0 0 0 0 0 1 0 0 0 0 
14 0.256151 1
0 0 0 0 0 0 0 0 1 0 
16 459.135 0
1 4127.77 0
26 0.302436 0
22 26.0239 0
30 0.601195 1
0 0.0277298 0 0.97227 0 0 0 0 0 0 
1 2322.78 1
0 0 0.946694 0.0533059 0 0 0 0 0 0 
15 1.81973 1
0 0 1 0 0 0 0 0 0 0 
29 0.3465 0
20 253.446 0
30 0.0525724 1
0 0 1 0 0 0 0 0 0 0 
20 331.732 1
0 0 0.473621 0 0 0.526379 0 0 0 0 
3 1007.83 0
18 95.2085 1
0 0 0.499937 0 0 0.500063 0 0 0 0 
15 1.80712 1
0 0 0 0 0 1 0 0 0 0 
44 0 1
0 0 0 1 0 0 0 0 0 0 
1 6497.35 0
33 0.266265 0
52 0.411555 0
7 7.48568 0
26 0.50093 0
47 0 1
0 1 0 0 0 0 0 0 0 0 
4 0.137775 1
0 0.164696 0 0 0.835304 0 0 0 0 0 
2 4895.85 0
19 145.368 0
26 0.968414 0
0 2191.62 0
19 22.3698 1
0 0.0364026 0 0 0 0.0195943 0.00187621 0 0.942127 0 
1 4580.58 1
0 1 0 0 0 0 0 0 0 0 
42 0.0943829 1
0 0.823996 0 0 0 0.176004 0 0 0 0 
46 0.218459 1
0 1 0 0 0 0 0 0 0 0 
33 0 1
0 0.316242 0 0 0 0 0 0 0.683758 0 
16 473.809 0
3 1185.23 0
17 1.17319 0
8 0.289838 0
17 0.925902 0
18 74.22 1
0 1 0 0 0 0 0 0 0 0 
20 2.54376 1
0 0.167612 0 0 0 0.832388 0 0 0 0 
15 2.04 1
0 1 0 0 0 0 0 0 0 0 
34 0 1
0 0.280649 0 0 0 0.719351 0 0 0 0 
29 0.815309 0
20 2.25103 0
52 1 1
0 0.818456 0 0 0 0.181544 0 0 0 0 
20 2.36247 0
25 312.645 1
0 0.550796 0 0 0 0.449204 0 0 0 0 
44 0 1
0 0.3209 0 0 0 0.0362878 0 0 0.642812 0 
2 1755.26 0
9 0.17 1
0 1 0 0 0 0 0 0 0 0 
0 1007.79 0
22 7.43043 1
0 0.115081 0 0 0 0.884919 0 0 0 0 
46 0 1
0 0 0 0 0 1 0 0 0 0 
13 0.518908 1
0 0.935754 0 0 0 0.0642456 0 0 0 0 
14 1308.08 0
13 1081.33 1
0 0 0.972407 0 0 0.027593 0 0 0 0 
30 0 1
0 0 0 0 0 1 0 0 0 0 
33 0.686222 0
18 112.042 0
34 0.772856 0
43 0.219258 0
18 85.9754 0
16 541.136 0
16 380.633 1
0.00247812 0.997522 0 0 0 0 0 0 0 0 
40 0.749379 0
52 0 1
0 1 0 0 0 0 0 0 0 0 
23 10.3796 1
0 0.0897375 0 0 0.910263 0 0 0 0 0 
0 813.901 0
10 26.6297 0
15 1.85133 1
0 0.0897375 0 0 0.910263 0 0 0 0 0 
10 51.1657 1
0 0.880865 0 0 0.119135 0 0 0 0 0 
24 10.4743 1
0.239062 0.10581 0 0 0 0 0 0 0.655128 0 
2 4088.15 0
46 0 1
0 0.596573 0 0 0.403427 0 0 0 0 0 
24 9.32983 0
41 0.900307 1
1 0 0 0 0 0 0 0 0 0 
20 171.709 0
4 0.291512 1
0.260808 0 0 0 0 0 0.739192 0 0 0 
31 1 1
0 1 0 0 0 0 0 0 0 0 
17 2.81847 0
34 1 1
0 0.000814083 0 0 0.999186 0 0 0 0 0 
11 0.00687703 1
0 0.0240532 0 0 0.975947 0 0 0 0 0 
16 40.2667 0
17 1.1013 1
1 0 0 0 0 0 0 0 0 0 
36 0.728927 1
0 0.0354072 0 0 0 0 0 0 0.964593 0 
5 0.0582613 1
0 0 1 0 0 0 0 0 0 0 
7 13.8665 0
2 1436.93 0
3 1140.78 0
21 147.399 0
23 421.27 1
0 1 0 0 0 0 0 0 0 0 
19 83.8356 0
11 0.00755952 0
6 1.17094 0
24 8.18776 0
31 1 1
0 1 0 0 0 0 0 0 0 0 
25 269.469 0
7 7.19825 1
0 0.0373549 0 0 0 0 0.962645 0 0 0 
40 0 1
0 1 0 0 0 0 0 0 0 0 
18 75.1041 1
0 0.744267 0 0 0 0 0.255733 0 0 0 
46 0 1
0 0.871643 0 0 0 0 0.128357 0 0 0 
9 12.066 1
0 0.702841 0 0.0995687 0 0 0.19759 0 0 0 
9 7.09858 0
2 993.733 0
9 2.24828 1
0 0.97945 0 0.0123688 0 0 0.00818176 0 0 0 
37 0.0926046 0
15 2.36726 1
0 0.730916 0 0 0 0 0.269084 0 0 0 
9 0.893171 1
0 0.162495 0 0 0 0 0.837505 0 0 0 
19 131.448 0
26 0.321021 0
21 161.772 0
0 1368.02 1
0 0.207921 0 0 0 0 0.792079 0 0 0 
32 0 1
0 0.00122648 0 0 0 0 0.998774 0 0 0 
28 1 1
0 1 0 0 0 0 0 0 0 0 
49 1 1
0 0.404435 0 0 0 0 0.595565 0 0 0 
43 0.294153 0
10 71.6904 1
0 0 0 0 0 0 1 0 0 0 
8 12.7337 0
8 0.154229 0
6 63.8662 1
0 0.537921 0 0 0 0 0.462079 0 0 0 
25 234.593 0
6 1.11447 1
0 0 0 0 0 0 1 0 0 0 
21 641.018 1
0 0.0215495 0 0 0 0 0 0 0.97845 0 
32 0 1
0 0.113745 0 0.886255 0 0 0 0 0 0 
25 252.473 0
43 0.775191 0
9 4.90436 0
28 1 1
0 0 0 1 0 0 0 0 0 0 
3 2061.44 0
25 236.189 0
45 1 1
0 0 0.035489 0.964511 0 0 0 0 0 0 
15 2.03157 1
0 0 0.356909 0.643091 0 0 0 0 0 0 
3 2071.12 1
0 0 0.689437 0.310563 0 0 0 0 0 0 
1 1137.11 0
9 20.2913 1
0 0 0.0863125 0.913688 0 0 0 0 0 0 
9 0.533327 0
46 0 1
0 0 0 1 0 0 0 0 0 0 
14 0.373684 0
16 418.473 0
5 0.0333884 0
15 2.41699 1
0 0 0.888788 0.111212 0 0 0 0 0 0 
13 0.475559 1
0 0 0.917354 0.0826462 0 0 0 0 0 0 
23 10.105 1
0 0 0 1 0 0 0 0 0 0 
41 0 1
0 0 0.689437 0.310563 0 0 0 0 0 0 
30 0.0986286 0
18 74.6532 0
22 106.585 0
16 243.378 0
3 1917.9 0
22 29.8577 0
17 5.46512 0
0 2046.54 1
0 0 0.904628 0.0953721 0 0 0 0 0 0 
6 1.10218 1
0 0 0 1 0 0 0 0 0 0 
14 0.227148 1
0 0 0 1 0 0 0 0 0 0 
26 0 1
0 0 0.356909 0.643091 0 0 0 0 0 0 
19 81.7373 0
0 2214.93 1
0 0 0.330353 0.669647 0 0 0 0 0 0 
53 0 1
0 0 0 1 0 0 0 0 0 0 
25 261.373 1
0 0 0.0786661 0.921334 0 0 0 0 0 0 
23 69.9186 0
16 370.89 0
17 1.04881 0
13 0.837244 1
0 0 0 1 0 0 0 0 0 0 
1 800.502 0
12 2.21998 1
0 0 0 1 0 0 0 0 0 0 
7 72.8756 1
0 0 0.816173 0.183827 0 0 0 0 0 0 
0 2113.58 1
0 0 0.0759739 0.924026 0 0 0 0 0 0 
13 0.407257 1
0 0 0.10801 0.89199 0 0 0 0 0 0 
3 1486.22 0
43 0.276752 0
25 275.895 1
0 0 0.115503 0.884497 0 0 0 0 0 0 
44 0.490164 0
7 72.6803 1
0 0 0.976841 0.0231593 0 0 0 0 0 0 
28 1 1
0 0 0 1 0 0 0 0 0 0 
43 0.299093 0
51 0 1
0 0 0.0137697 0.98623 0 0 0 0 0 0 
3 1666.56 1
0 0 0.388107 0.611893 0 0 0 0 0 0 
