9 5 10 50 5 0.25
2 3023.47 0
7 8.13206 0
1 4050.03 0
43 0.834354 0
21 153.283 0
3 1770.72 0
13 0.456967 1
0 0.980498 0 0 0 0 0.0195024 0 0 
9 0.722199 0
7 7.58889 1
0 1 0 0 0 0 0 0 0 
2 1025.36 0
42 0 1
0 1 0 0 0 0 0 0 0 
23 212.049 1
0 0.0532046 0 0 0 0 0.946795 0 0 
3 1197.67 0
16 282.585 0
16 109.969 1
0 1 0 0 0 0 0 0 0 
4 0.170146 0
48 0 1
0 0.654204 0 0 0 0 0.345796 0 0 
24 9.22655 0
31 1 1
0 0.88225 0 0 0 0 0.11775 0 0 
21 162.698 1
0 0.119896 0 0 0 0 0.880104 0 0 
24 464.037 0
9 3.48005 0
21 191.949 1
0 0.982544 0 0 0 0 0.0174556 0 0 
9 13.9606 0
18 75.7275 0
29 0 1
0 0.899911 0 0 0 0 0.100089 0 0 
5 0.060946 0
19 72.2176 1
0 0.0218129 0 0 0 0 0.978187 0 0 
16 213.9 1
0 1 0 0 0 0 0 0 0 
12 400.081 1
0 0 0 0 0 0 1 0 0 
12 482.529 1
0 1 0 0 0 0 0 0 0 
25 236.552 0
21 160.233 0
3 1750.81 0
8 0.0969315 0
4 0.152542 1
0 0.529165 0 0 0 0 0.470835 0 0 
48 0 1
0 0.966765 0 0.00900377 0 0 0.0242309 0 0 
21 136.067 0
51 0 1
0 0.241525 0 0 0 0 0.758475 0 0 
7 7.7068 1
0 0.28519 0.171054 0 0 0 0.543756 0 0 
5 0.0664031 1
0 0.0307979 0 0 0 0 0.969202 0 0 
19 118.011 0
18 74.0063 0
20 158.088 1
0 0.944187 0 0 0 0.0499375 0 0.00587534 0 
0 2030.83 0
14 40.538 0
35 0.890702 0
22 12.3715 0
3 1614.53 1
0 0.0444064 0 0.000942146 0 0.00449003 0.005071 0 0.94509 
18 74.6286 1
0 0.127408 0 0 0 0.0141707 0.560148 0 0.298273 
22 26.2636 1
0 0.0361101 0 0 0 0 0.96389 0 0 
33 0.330408 1
0 0.972946 0 0 0 0.0270536 0 0 0 
32 0.924768 0
42 0.542538 1
0 0.944636 0 0.0257582 0 0.0122757 0.0173301 0 0 
49 0.682761 1
0 0.751528 0 0.248472 0 0 0 0 0 
17 3.34257 0
32 0.394013 0
32 0 1
0 0.897039 0 0.0469832 0 0.0559776 0 0 0 
10 112.896 1
0 0.76038 0 0 0 0.23962 0 0 0 
9 5.86157 1
0 0.393251 0 0.606749 0 0 0 0 0 
1 5943.6 0
36 0.320638 0
40 0.21051 0
0 263.449 0
13 0.902133 1
0 1 0 0 0 0 0 0 0 
2 1570.01 0
14 108.492 0
0 2147.48 0
23 100.978 0
6 209.436 1
0 0.0426791 0 0 0 0.957321 0 0 0 
12 0.931764 1
0 0.907272 0 0 0 0.0927278 0 0 0 
25 309.173 0
38 0 1
0 1 0 0 0 0 0 0 0 
11 0.0228132 1
0 0.116779 0 0 0 0.883221 0 0 0 
7 7.68539 1
0 0 0 0 0 1 0 0 0 
14 133.551 0
25 295.61 0
0 2122.12 0
0 1412.83 1
0 0.274696 0 0 0 0.341707 0 0 0.383597 
14 45.3391 1
0 0.874619 0 0 0.0856961 0.016455 0.0232301 0 0 
0 1825.73 0
2 1750.75 1
0 0.638065 0 0 0 0.361935 0 0 0 
16 110.051 1
0 0.25005 0 0 0 0.74995 0 0 0 
23 91.3412 1
0 0 0 0 0 1 0 0 0 
11 0.0149011 0
17 1.089 0
45 0 1
0 0.767738 0 0 0 0.232262 0 0 0 
8 0.180845 0
1 5352.75 1
0 0.209135 0 0 0 0.790865 0 0 0 
9 0.641604 1
0 0.0591036 0 0 0 0 0 0 0.940896 
9 9.49667 0
2 1313.78 1
0 0.370135 0 0 0 0.629865 0 0 0 
9 11.4675 1
0 0.116779 0 0 0 0.883221 0 0 0 
41 0 1
0 0 0 0 0 0 0 0 1 
22 29.3256 0
26 0.00403403 0
45 0 1
0 0.68751 0 0 0.0285891 0.00658746 0 0 0.277314 
6 1.24126 1
0 0.793121 0 0 0.173554 0.0333251 0 0 0 
8 17.0834 0
23 90.2217 0
7 7.70257 0
5 0.130552 0
0 2320.28 0
21 196.784 0
20 2.58668 1
0 0.0138944 0 0 0.986106 0 0 0 0 
44 0 1
0 0.0199063 0 0 0.980094 0 0 0 0 
41 0 1
0 0 0 0 1 0 0 0 0 
36 0 1
0 1 0 0 0 0 0 0 0 
31 1 1
0 0.00297395 0 0 0.956636 0.000937187 0 0 0.039453 
6 1.1138 1
0 0.670082 0 0 0.329918 0 0 0 0 
10 176.191 1
0 1 0 0 0 0 0 0 0 
45 0.39359 0
25 297.032 0
7 23.6785 0
30 0.765298 1
0 0.818595 0 0.0746607 0 0.106744 0 0 0 
24 263.155 0
26 0.634117 0
18 111.247 0
20 259.951 0
23 239.968 0
22 30.7724 1
0 0 0.9544 0.0456003 0 0 0 0 0 
12 2.4394 1
0 0.0121858 0.818601 0.169214 0 0 0 0 0 
17 1.015 1
0 0 0 1 0 0 0 0 0 
12 2.7941 1
0 0 0.503039 0.496961 0 0 0 0 0 
49 0 1
0 0 1 0 0 0 0 0 0 
32 0 1
0 0 0 0 0 1 0 0 0 
0 733.697 0
31 1 1
0 0.00988024 0 0 0 0.99012 0 0 0 
18 130.486 0
2 868.222 1
0 0.000640652 0.984466 0.00762528 0 0.00726805 0 0 0 
48 0 1
0 0 0 0 0 1 0 0 0 
2 772.922 0
1 1018.67 0
25 268.943 0
43 0.696969 0
28 1 1
0 0 0.0112509 0.988749 0 0 0 0 0 
11 0.0802627 1
0 0.0136959 0.172508 0.7879 0 0.0258961 0 0 0 
15 2.92563 0
22 17.2014 1
0 0 0.893637 0.106363 0 0 0 0 0 
6 1.15594 1
0 0 0.41366 0.58634 0 0 0 0 0 
17 3.12546 0
10 37.9002 0
21 180.735 1
0 0.0373294 0 0.962671 0 0 0 0 0 
7 15.6288 1
0 0.00160379 0.0121204 0.986276 0 0 0 0 0 
15 2.40678 0
16 161.048 0
18 74.5133 1
0 0 0.41366 0.58634 0 0 0 0 0 
45 1 1
0 0 0.0979106 0.902089 0 0 0 0 0 
16 211.414 1
0 0 0.543488 0.456512 0 0 0 0 0 
16 306.552 0
23 106.335 0
0 772.223 0
6 182.849 0
25 262.947 0
13 0.258292 1
0 0.0180082 0.100811 0.881181 0 0 0 0 0 
28 0.432815 1
0 0 0.929716 0.0702838 0 0 0 0 0 
12 2.30624 1
0 0 0 1 0 0 0 0 0 
22 117.888 0
1 739.607 0
21 187.375 1
0 0.0189641 0.0530811 0.927955 0 0 0 0 0 
7 8.83538 0
51 0 1
0 0.673252 0 0 0 0 0.326748 0 0 
22 3.40901 0
7 74.1891 1
0 0 0.550629 0.449371 0 0 0 0 0 
0 2058.68 1
0 0 0.89391 0.10609 0 0 0 0 0 
9 16.0359 1
0 0 0.209211 0.790789 0 0 0 0 0 
17 3.26694 0
43 0.185464 0
4 0.243303 1
0 0 0.104634 0.895366 0 0 0 0 0 
21 203.456 0
3 1117.86 1
0 0 0.573898 0.426102 0 0 0 0 0 
49 1 1
0 0 0.0534243 0.946576 0 0 0 0 0 
15 2.24014 0
44 0 1
0 0 0 1 0 0 0 0 0 
16 228.332 0
17 3.45181 1
0 0 0.918258 0.0817418 0 0 0 0 0 
0 2246.24 1
0 0 0.136991 0.863009 0 0 0 0 0 
14 24.8872 0
7 19.8796 0
18 81.2084 1
0 0.502042 0 0.497958 0 0 0 0 0 
40 0 1
0 0.000860102 0.173336 0.825804 0 0 0 0 0 
44 0 1
0 0 0.59683 0 0 0.40317 0 0 0 
47 0.68617 0
31 0.635336 0
25 252.928 0
1 4894.82 0
3 1595.1 0
18 11.8921 1
0 0.95117 0 0 0 0 0 0.04883 0 
0 327.998 0
25 238.461 0
8 0.230481 0
51 0 1
0 0.00716744 0 0 0 0 0 0.992833 0 
1 4285.38 0
20 2.10035 1
0 0.101027 0 0 0 0 0 0.898973 0 
40 0 1
0 0 0 0 0 0 0 1 0 
0 198.299 0
12 1.60147 0
21 131.717 0
43 0 1
0 0 0 0 0 0 0 1 0 
2 4114.79 1
0 0.293896 0 0 0 0 0 0.706104 0 
15 1.88047 1
0 0 0 0 0 0 0 1 0 
25 246.104 1
0 0 0 0 0 0 0 1 0 
15 621.304 1
0 0.00016327 0 0 0 0 0 0.999837 0 
11 0.00625543 1
0 1 0 0 0 0 0 0 0 
2 3872.66 0
42 0.543169 0
26 0 1
0.000216229 0.999466 0 0 0 0 0 0.000317285 0 
27 0.972839 1
0 0.668479 0 0.331521 0 0 0 0 0 
44 0.177565 0
25 259.61 1
0 0.00135172 0 0 0 0 0 0.998648 0 
1 4254.48 1
0 0.514885 0 0 0 0 0 0.485115 0 
33 0.0622357 0
0 1451.34 0
1 4949.48 0
3 1148.08 0
48 0 1
0 0.0892477 0 0 0 0 0 0 0.910752 
23 357.758 0
25 237.242 0
23 271.454 1
0 1 0 0 0 0 0 0 0 
5 0.0384147 0
29 0.911858 0
21 146.172 1
0 0.0198255 0 0 0 0.00272625 0.00192437 0 0.975524 
0 1048 1
0 0 0 0 0 1 0 0 0 
3 1166.5 1
0 0.0382988 0 0 0 0.0090519 0 0 0.952649 
35 0 1
0 0.0657298 0 0 0 0 0 0 0.93427 
22 5.23178 1
0 0.498117 0 0 0 0 0 0 0.501883 
21 159.614 1
0 0.97439 0 0 0 0.0106189 0.0149911 0 0 
20 87.0738 1
0 0 0.966185 0.0338152 0 0 0 0 0 
28 0.815746 0
18 57.196 0
0 1799.78 0
17 1.36869 1
0.999678 0.000321593 0 0 0 0 0 0 0 
0 2095.92 0
21 162.898 0
43 0.273137 1
0.999452 0.000548446 0 0 0 0 0 0 0 
0 1950.9 0
22 9.51478 1
0.99028 0.00972016 0 0 0 0 0 0 0 
13 0.486852 1
0.377499 0.622501 0 0 0 0 0 0 0 
42 0 1
0 1 0 0 0 0 0 0 0 
0 150.34 1
0.712768 0.262233 0 0 0 0 0.0249992 0 0 
43 0.152455 0
7 39.8122 0
6 158.918 0
34 0 1
0 0.866133 0 0 0 0 0 0 0.133867 
24 9.82351 1
0.103691 0.179987 0 0 0 0 0 0 0.716322 
1 7220 1
0 0 1 0 0 0 0 0 0 
20 118.825 1
0.392906 0.038681 0.568413 0 0 0 0 0 0 
18 34.5746 0
46 0.22198 0
28 0.23988 0
1 5976.29 0
36 0 1
0 0.927822 0 0.0721784 0 0 0 0 0 
19 136.012 0
15 2.44343 0
41 0.717035 0
28 0 1
0.998981 0.00101853 0 0 0 0 0 0 0 
14 0.403193 1
0.900954 0.0990458 0 0 0 0 0 0 0 
5 0 1
0 1 0 0 0 0 0 0 0 
16 8.48434 0
36 0 1
0.997466 0.00253443 0 0 0 0 0 0 0 
12 1.41739 0
26 0.520794 1
0.957334 0.0426664 0 0 0 0 0 0 0 
46 0 1
0 1 0 0 0 0 0 0 0 
6 62.9171 0
18 11.9844 0
37 0 1
0 1 0 0 0 0 0 0 0 
2 2136.69 1
0.421198 0.578802 0 0 0 0 0 0 0 
47 0.077272 0
3 1121.56 1
0 0.170589 0 0 0 0.829411 0 0 0 
18 12.0044 1
0.92383 0.0761704 0 0 0 0 0 0 0 
25 246.962 0
0 105.338 0
0 73.1705 0
2 4402.48 0
14 0.34815 1
0 0.254035 0 0 0 0 0 0.745965 0 
29 0 1
0 1 0 0 0 0 0 0 0 
13 0.837154 1
0 0 0 0 0 0 0 1 0 
3 1569.52 0
3 1384.91 1
0 0.92818 0 0 0 0 0 0.07182 0 
1 4100.42 0
30 1 1
0 1 0 0 0 0 0 0 0 
1 4123.49 0
11 0.055 1
0 1 0 0 0 0 0 0 0 
8 0.244525 0
21 178.209 0
0 888.961 1
0 0.000672208 0 0 0 0 0 0.999328 0 
9 0.020833 0
2 4709.8 1
0 0.0196731 0 0 0 0 0 0.980327 0 
27 0.47283 1
0 0.0068058 0 0 0 0 0 0.993194 0 
19 80.578 0
9 0.306957 1
0 0.0132799 0 0 0 0 0 0.98672 0 
16 3.81398 1
0 0.0743067 0 0 0 0 0 0.925693 0 
1 4745.93 0
12 3.05503 0
1 4584.82 1
0 0.985592 0 0 0 0 0 0.0144079 0 
3 1576.85 0
2 4534.89 1
0 0.529146 0 0 0 0 0 0.470854 0 
40 0 1
0 0 0 0 0 0 0 1 0 
14 0.338719 1
0 0 0 0 0 0 0 1 0 
33 0.804106 0
45 0.603416 0
2 1922.61 0
9 187.493 0
1 4466.34 0
8 0.156444 0
3 1797.1 0
2 1234.47 0
38 0 1
0 0.981549 0 0 0 0 0.0184511 0 0 
20 2.2616 1
0 0.850421 0 0 0 0.149579 0 0 0 
3 1818.1 1
0 0.359772 0 0 0 0 0.640228 0 0 
3 1471.57 0
0 1358.25 0
42 0.422962 0
7 8.09168 1
0 0.772866 0 0.227134 0 0 0 0 0 
25 288.346 1
0 0.418472 0 0 0 0.0263748 0 0 0.555153 
35 0 1
0 0.831132 0 0 0 0.0989922 0.0698755 0 0 
15 7.65035 1
0 1 0 0 0 0 0 0 0 
29 0.820536 0
25 284.721 0
0 697.577 0
15 1.80434 1
0 1 0 0 0 0 0 0 0 
0 2174.87 0
23 268.902 0
18 117.442 1
0 0.123642 0 0 0 0.787695 0 0 0.0886627 
31 1 1
0 1 0 0 0 0 0 0 0 
51 0 1
0 1 0 0 0 0 0 0 0 
2 1064.4 0
1 5323.87 0
6 4.88393 1
0 0.00612787 0 0 0 0.993872 0 0 0 
16 267.299 0
17 1.27521 1
0 0.00625677 0 0 0 0.993743 0 0 0 
21 175.425 1
0 0.0285434 0 0 0 0.971457 0 0 0 
1 5692.62 0
8 0.257994 0
3 1287.87 1
0 0.138151 0 0 0 0.861849 0 0 0 
27 0 1
0 0.149871 0 0 0 0.850129 0 0 0 
22 21.6055 1
0 0.492285 0 0 0 0.507715 0 0 0 
52 0.469588 0
27 0.474409 1
0 0.0383832 0 0 0 0.961617 0 0 0 
14 89.7655 0
7 7.81121 0
8 0.117083 1
0 0.0203748 0 0 0 0.979625 0 0 0 
25 262.93 0
16 39.6 1
0 0.284005 0 0 0 0.715995 0 0 0 
22 5.42424 1
0 0.0342272 0 0 0 0.965773 0 0 0 
28 0.50581 1
0 0 0 0 0 1 0 0 0 
43 1 1
0 0 0 0 0 0 0 0 1 
48 0.080387 0
21 138.987 0
28 0.623514 0
23 9.33805 0
8 0.21532 1
1 0 0 0 0 0 0 0 0 
24 8.08511 0
0 352.491 1
0 1 0 0 0 0 0 0 0 
21 135.351 0
19 118.665 1
0.176776 0.291506 0 0 0 0.220471 0.311247 0 0 
35 0 1
0 0 0 0 0 1 0 0 0 
14 38.2892 0
25 260.014 0
3 1375.22 1
0 0.941297 0 0 0 0.0572076 0 0.00149571 0 
14 0.299407 0
50 0 1
0 0.798654 0 0 0 0.201345 0 0 0 
0 2031.77 1
0 0.276394 0 0 0 0.723606 0 0 0 
29 0.530149 0
14 52.2691 1
0 0.730495 0 0 0 0.269505 0 0 0 
46 0.562861 1
0 0.0502312 0 0 0 0.949769 0 0 0 
17 2.0552 0
25 291.1 0
0 795.768 0
4 0.170014 1
0 0.955895 0 0 0 0 0 0.0441048 0 
10 38.4883 0
6 158.741 1
0 1 0 0 0 0 0 0 0 
42 0.389429 0
28 0.555978 1
0.0252227 0.0640049 0 0 0 0.00162991 0 0 0.909143 
35 0.72507 1
0.00513196 0.035018 0 0 0.00574708 0.01876 0.00623158 0 0.929111 
0 2132.1 0
16 149.218 0
24 347.169 1
0 0.285069 0 0 0 0.0475593 0 0 0.667372 
1 4948.01 0
30 0.66035 1
0 0.514034 0 0 0 0.485966 0 0 0 
1 5586.96 1
0 0.0394688 0 0 0 0.51173 0 0 0.448801 
47 0 1
0 0.822307 0 0 0 0.177693 0 0 0 
3 1523.78 1
0 0.986495 0 0 0 0 0 0.013505 0 
22 8.67591 0
16 367.762 0
41 0 1
0 0.731967 0 0 0.0106152 0 0 0 0.257418 
21 141.777 0
3 1000 1
0 1 0 0 0 0 0 0 0 
17 1.04486 0
49 0 1
0 1 0 0 0 0 0 0 0 
23 158.252 0
21 153.469 1
0 0.700215 0 0 0.299785 0 0 0 0 
53 0 1
0 1 0 0 0 0 0 0 0 
27 0.89523 0
14 25.5725 0
22 20.9366 0
39 0.360309 1
0 0.918516 0 0 0.0814838 0 0 0 0 
24 160.963 0
23 524.509 0
8 6.0503 1
0 0.0176605 0 0 0.982339 0 0 0 0 
43 0 1
0 1 0 0 0 0 0 0 0 
21 178.168 1
0 1 0 0 0 0 0 0 0 
30 1 1
0 1 0 0 0 0 0 0 0 
30 0.0731422 1
0 0.0535095 0 0 0 0 0 0 0.946491 
6 75.6574 0
19 151.58 0
21 154.708 0
0 2157.62 0
3 1766.58 0
26 0.376502 0
21 146.017 0
22 28.0675 1
0 0.991182 0 0.0037595 0 0 0.00505878 0 0 
24 8.20744 1
0 0.708887 0 0 0 0 0.291113 0 0 
45 1 1
0 0 0 0 0 1 0 0 0 
1 1222.29 0
10 99.7579 0
10 34.573 0
15 2.03 1
0 1 0 0 0 0 0 0 0 
8 0.198143 1
0 0.0522158 0 0 0 0 0.947784 0 0 
10 113.702 1
0 1 0 0 0 0 0 0 0 
26 0 1
0 1 0 0 0 0 0 0 0 
7 20.4944 1
0 0.989942 0 0.0100577 0 0 0 0 0 
26 0.543801 0
32 0.8631 0
12 714.063 0
24 197.537 0
9 3.43497 0
10 30.1577 1
0 0.723712 0 0.00376315 0 0 0.121528 0 0.150996 
21 162.717 1
0 0.00601677 0 0 0 0 0.92653 0 0.0674532 
42 0 1
0 1 0 0 0 0 0 0 0 
17 1.357 1
0 0.511948 0 0 0 0 0.488052 0 0 
10 55.3325 1
0 0.502042 0 0.497958 0 0 0 0 0 
5 0.00716694 1
0 1 0 0 0 0 0 0 0 
14 0.29436 0
16 253.512 0
6 1.04146 1
0 1 0 0 0 0 0 0 0 
25 266.356 1
0 0.11192 0 0.88808 0 0 0 0 0 
5 0.123821 1
0 0.813741 0 0.186259 0 0 0 0 0 
1 1318.38 1
0 0.0522732 0 0.00669007 0 0 0 0.00150047 0.939536 
45 0.476844 0
14 1250.21 0
6 227.021 0
13 1173.76 0
25 301.987 0
26 0.497386 0
52 0.838098 0
13 0.581345 0
2 1423.61 0
21 237.085 1
0 0 0.528411 0.471589 0 0 0 0 0 
47 0 1
0 0 0.963578 0.0364219 0 0 0 0 0 
48 0.378674 1
0 0 0.947073 0.0529271 0 0 0 0 0 
10 74.625 1
0 0 0.808904 0.191096 0 0 0 0 0 
42 0.75391 1
0 0 1 0 0 0 0 0 0 
18 163.034 1
0 0 0.931068 0.00497076 0 0.0639615 0 0 0 
27 1 1
0 0 0 0 0 1 0 0 0 
6 231.66 1
0 0 0.259592 0 0 0.740408 0 0 0 
8 0.231786 1
0 0 0 0 0 1 0 0 0 
17 2.19785 0
3 1440.52 0
25 245.533 0
18 109.459 0
11 0.0332903 0
45 1 1
0 0 0.03301 0.96699 0 0 0 0 0 
8 0.185566 0
40 0 1
0 0 0.0514753 0.948525 0 0 0 0 0 
25 234.858 1
0 0 0.0877609 0.912239 0 0 0 0 0 
43 0.0721919 1
0 0 0.753521 0.246479 0 0 0 0 0 
24 9.64273 0
23 13.7834 0
13 0.20292 0
29 0 1
0 0 0.155703 0.809237 0 0.0350602 0 0 0 
25 269.79 0
19 89.7565 0
17 1.07215 1
0 0 0.668187 0.331813 0 0 0 0 0 
2 1435.43 1
0 0 0.927001 0.0729986 0 0 0 0 0 
29 0.759423 1
0 0 0.953031 0.01217 0 0.0347995 0 0 0 
4 0.193336 1
0 0 0.131324 0.868676 0 0 0 0 0 
49 0.912549 1
0 0 0.260764 0.739236 0 0 0 0 0 
2 954.166 0
26 0.267726 0
2 523.731 0
10 122.017 0
8 0.0860831 1
0 0 0.0014338 0.998566 0 0 0 0 0 
15 2.5273 1
0 0 0.41366 0.58634 0 0 0 0 0 
1 1402.75 0
9 7.74378 1
0 0 0.0275645 0.972436 0 0 0 0 0 
25 242.013 1
0 0 0.297406 0.702594 0 0 0 0 0 
22 1.82714 1
0 0 0.473839 0.513608 0 0.0125525 0 0 0 
18 80.6188 0
11 0.022394 1
0 0 0.0743935 0.925606 0 0 0 0 0 
19 84.2633 0
10 60.5543 0
15 1.86023 1
0 0 0.881061 0.118939 0 0 0 0 0 
1 1324.76 1
0 0 0.725697 0.274303 0 0 0 0 0 
19 85.8035 1
0 0 0.992437 0.00756304 0 0 0 0 0 
18 73.965 0
20 2.08067 0
4 0.182125 1
0 0 0.887149 0.112851 0 0 0 0 0 
0 2150.28 1
0 0 0.983008 0.0169922 0 0 0 0 0 
23 225.514 0
18 74.7651 0
21 262.351 0
16 275.224 0
8 13.7369 0
2 695.472 0
4 0.0386192 1
0 0 0.360775 0.639225 0 0 0 0 0 
15 2.46277 1
0 0 0.902301 0.0976986 0 0 0 0 0 
51 0 1
0 0 0.346029 0.65397 0 0 0 0 0 
44 0 1
0 0 0.14993 0.85007 0 0 0 0 0 
13 0.473753 1
0 0 1 0 0 0 0 0 0 
9 1.52063 0
10 87.3798 1
0 0 0.576378 0.423622 0 0 0 0 0 
38 0 1
0 0 0.0490876 0.950912 0 0 0 0 0 
22 28.3877 1
0 0 0.0156642 0.984336 0 0 0 0 0 
47 0.866923 0
31 0.344333 0
6 99.2982 0
25 262.548 0
3 1494.21 0
8 0.120595 1
0 0.984629 0 0 0 0 0 0.0153712 0 
1 4904.05 0
17 1.86124 0
46 0.556694 0
13 0.68271 1
0 0.567325 0 0 0 0 0.432675 0 0 
0 153.363 0
18 11.4715 0
3 1917.18 0
45 0 1
0 0.92516 0 0 0 0 0 0.0748402 0 
3 1932.69 1
0 0.100382 0 0 0 0 0 0.899618 0 
20 1.94921 1
0 0.0191289 0 0 0 0 0 0.980871 0 
3 1599.21 0
21 180.93 1
0 0.529146 0 0 0 0 0 0.470854 0 
9 0.0198583 0
5 0.0706745 1
0 0.00162369 0 0 0 0 0 0.998376 0 
35 0 1
0 0 0 0 0 0 0 1 0 
2 4023.05 1
0 0.258581 0 0 0 0 0 0.741419 0 
32 0 1
0 1 0 0 0 0 0 0 0 
23 179.432 0
2 4076.57 1
0.00724064 0.596996 0 0 0 0.0451519 0 0.350611 0 
17 3.44147 1
0 1 0 0 0 0 0 0 0 
3 1752.32 0
3 1726.19 0
2 2576.36 0
12 2.47651 0
34 0 1
0 0.92516 0 0 0 0 0 0.0748402 0 
0 907.572 0
42 0 1
0 1 0 0 0 0 0 0 0 
25 271.846 0
23 17.4172 1
0 0.00836891 0 0 0 0.991631 0 0 0 
25 273.012 1
0 0.0285434 0 0 0 0.971457 0 0 0 
10 66.0698 0
53 0 1
0 0.836305 0 0.077163 0 0 0 0.086532 0 
44 0.264539 1
0 0.359754 0 0 0 0 0 0.640246 0 
29 0 1
0 0 0 0 0 0 0 1 0 
7 7.56147 0
2 3928 1
0 0.0534111 0 0 0 0 0 0.946589 0 
21 157.418 0
3 1784.83 1
0 0.969464 0 0 0 0 0 0.0305365 0 
2 4061.7 1
0 0.556094 0 0 0 0 0 0.443906 0 
33 0.540745 0
45 0.535788 0
25 281.303 0
48 0.16614 0
14 128.811 0
30 0.154087 0
9 1.13728 0
4 0.263578 0
4 0.0350951 1
0 0.960329 0 0 0.0109575 0.0168322 0.0118813 0 0 
4 0.270072 0
23 12.9181 1
0 0.349502 0 0.277327 0 0 0.373171 0 0 
53 0 1
0 1 0 0 0 0 0 0 0 
19 131.282 0
0 2144.07 0
2 1774.14 1
0 0.970406 0 0 0 0.0295942 0 0 0 
43 0.468478 1
0 0.312671 0 0 0 0 0.687329 0 0 
1 3840.47 0
47 0 1
0 0.917399 0 0 0 0.0826006 0 0 0 
2 2883.99 1
0 0.0453127 0 0 0 0.954687 0 0 0 
0 2036.06 0
16 24.3142 0
0 1955.76 1
0 0.223891 0 0 0 0.776109 0 0 0 
0 1618.13 0
26 0.785733 1
0 0.0737489 0 0.000397546 0 0.0405446 0 0 0.885309 
41 0 1
0 1 0 0 0 0 0 0 0 
21 173.963 1
0 1 0 0 0 0 0 0 0 
40 0 1
0 0 0 0 0 1 0 0 0 
21 207.526 0
34 0.00593586 0
22 28.331 0
26 0.563017 0
2 2650 1
0 0.981327 0 0 0.0186727 0 0 0 0 
30 0.638264 1
0 0.851582 0 0 0.148418 0 0 0 0 
21 168.466 0
24 10.5041 0
20 2.15885 1
0 0.260098 0 0 0.739902 0 0 0 0 
47 0 1
0 1 0 0 0 0 0 0 0 
52 0 1
0 0.711205 0 0 0.288795 0 0 0 0 
17 4.52126 0
49 0 1
0 0.000360951 0 0 0.999639 0 0 0 0 
7 7.77259 0
4 0.081515 1
0 0.0997358 0 0 0.900264 0 0 0 0 
28 0 1
0 0.0199063 0 0 0.980094 0 0 0 0 
23 234.423 1
0 0.134787 0 0 0 0 0 0 0.865213 
17 1.83613 0
0 2188.85 0
14 82.6052 0
44 0.986216 0
9 0.65861 0
19 188.923 0
19 135.817 1
0 0.0968579 0 0 0.00302784 0.851164 0 0 0.0489501 
2 1232.52 1
0 1 0 0 0 0 0 0 0 
1 3235.12 0
25 290.845 1
0 1 0 0 0 0 0 0 0 
7 7.89255 1
0 0.0119444 0 0 0 0.771978 0 0 0.216077 
23 13.6647 1
0 0.679025 0 0 0 0.320975 0 0 0 
23 68.8573 1
0 0 0 0 0 1 0 0 0 
2 645.284 1
0 1 0 0 0 0 0 0 0 
39 0 1
0 1 0 0 0 0 0 0 0 
21 366.216 0
21 142.958 0
2 1234.8 0
19 105.687 0
1 1538.79 1
0 0.99406 0 0.00593954 0 0 0 0 0 
16 50.8362 0
25 231.654 0
3 1559.09 1
0 0.473438 0 0 0 0 0.526562 0 0 
15 2.03573 0
19 172.718 1
0 0.0985037 0 0 0 0 0.901496 0 0 
34 0 1
0 0.789309 0 0 0 0 0.210691 0 0 
46 0 1
0 1 0 0 0 0 0 0 0 
0 1468.09 0
42 0 1
0 0.080834 0 0 0 0 0 0 0.919166 
21 134.867 0
30 1 1
0 0 0 0.198539 0 0 0.801461 0 0 
11 0.0495323 1
0 0 0 0 0 0.361707 0.638293 0 0 
25 270.406 0
26 0.164723 0
42 0.422449 0
9 3.99685 0
10 15.3493 0
25 262.314 1
0 0.457382 0 0 0 0 0.542618 0 0 
17 2.50821 1
0 0.823757 0 0.0126185 0 0 0.0792376 0 0.0843865 
21 154.793 0
3 1867.69 1
0 0.572573 0 0 0 0 0.427427 0 0 
3 1414.71 1
0 0.00628051 0 0 0 0 0.99372 0 0 
47 0 1
0 0.679785 0 0 0 0 0.320215 0 0 
21 180.6 1
0 1 0 0 0 0 0 0 0 
1 1325.17 0
26 0.51712 1
0 0.828539 0 0.143815 0 0 0.0276454 0 0 
22 21.3921 1
0 0.0860575 0 0.124156 0 0 0.167065 0 0.622722 
36 0.900815 1
0 0 0 0 0 0 0 0 1 
2 739.191 0
17 1.55311 0
1 3024.05 0
25 271.065 0
7 59.4535 0
9 16.2673 0
3 1711.42 1
0 0 0.388359 0.611641 0 0 0 0 0 
29 0 1
0 0 0 1 0 0 0 0 0 
2 618.314 0
28 0.432041 1
0 0 0.00533308 0.994066 0 0.000600433 0 0 0 
2 638.368 0
17 1.10624 1
0 0 0.174678 0.825322 0 0 0 0 0 
12 2.5158 1
0 0 0.0823007 0.917699 0 0 0 0 0 
6 164.944 1
0 0 0.642731 0.357269 0 0 0 0 0 
52 0.31483 1
0 0 0.610504 0 0 0.389496 0 0 0 
22 26.9464 0
43 0.689661 1
0 0 1 0 0 0 0 0 0 
2 364.988 0
18 75.1871 1
0 0 0.0293481 0.970652 0 0 0 0 0 
23 170.345 0
1 965.897 1
0 0 0.608164 0.391836 0 0 0 0 0 
41 0 1
0 0 0.110715 0.889285 0 0 0 0 0 
45 0.466378 0
14 686.312 0
10 27.8304 0
17 1.45815 1
0 0 0 0.104402 0 0.895598 0 0 0 
12 1.0726 0
1 2250 1
0 0 0 1 0 0 0 0 0 
14 38.0381 0
16 238.61 0
10 56.1459 0
8 0.194119 1
0 0 0.952023 0.0293357 0 0.0186409 0 0 0 
23 20.9628 1
0 0 0.972851 0.0183862 0 0.0087624 0 0 0 
42 0.929869 0
23 11.1562 1
0 0 0 1 0 0 0 0 0 
23 420.079 1
0 0 0.863935 0.136065 0 0 0 0 0 
13 223.062 0
10 63.5912 0
18 173.507 1
0 0 0.995085 0.00169122 0 0.00322398 0 0 0 
19 86.5572 1
0 0 0.977236 0 0 0.0227635 0 0 0 
40 0 1
0 0 0 0 0 1 0 0 0 
14 751.577 1
0 0 0.0786844 0 0 0.921316 0 0 0 
23 68.0953 0
22 119.238 0
1 893.644 0
38 0 1
0 0 0.221736 0.778264 0 0 0 0 0 
23 63.3415 0
0 734.359 0
0 722.525 1
0 0 0.182197 0.817803 0 0 0 0 0 
16 359.707 0
4 0.238399 1
0 0 0.817414 0.178649 0 0.00393711 0 0 0 
43 0.122379 1
0 0 0.156875 0.843125 0 0 0 0 0 
37 0.815513 1
0 0 0.613506 0.386494 0 0 0 0 0 
24 9.32656 1
0 0 0.209211 0.790789 0 0 0 0 0 
30 0.986768 0
21 213.721 0
17 4.52829 0
0 2316.32 1
0 0 0.948875 0.0511249 0 0 0 0 0 
37 0 1
0 0 0.23216 0.76784 0 0 0 0 0 
35 0.28275 0
18 58.8301 0
14 0.312582 1
0 0 1 0 0 0 0 0 0 
24 8.35373 0
36 0 1
0 0 0 1 0 0 0 0 0 
21 217.971 1
0 0 0.163276 0.836724 0 0 0 0 0 
22 28.5328 1
0 0 0.989376 0.0106241 0 0 0 0 0 
25 236.217 0
20 2.21013 1
0 0 0.0456962 0.954304 0 0 0 0 0 
9 7.74863 1
0 0 0.209211 0.790789 0 0 0 0 0 
18 42.5716 0
28 0.323941 0
0 2037.83 0
15 2.37997 0
41 0.716986 0
17 1.11192 0
13 0.411657 1
0.999707 0.000292715 0 0 0 0 0 0 0 
0 1914.11 0
13 0.738262 1
1 0 0 0 0 0 0 0 0 
23 10.7931 0
16 115.022 1
1 0 0 0 0 0 0 0 0 
24 9.33033 1
0.671774 0.328226 0 0 0 0 0 0 0 
5 0.0156176 0
12 0.976108 0
15 2.02823 0
21 127.465 0
24 7.075 1
1 0 0 0 0 0 0 0 0 
7 7.7181 1
0.514855 0.485145 0 0 0 0 0 0 0 
3 1000 1
1 0 0 0 0 0 0 0 0 
11 0.0156981 1
0.887432 0.112568 0 0 0 0 0 0 0 
0 1065.46 1
0.964651 0.0353494 0 0 0 0 0 0 0 
45 0 1
0.377499 0.622501 0 0 0 0 0 0 0 
37 0 1
0 1 0 0 0 0 0 0 0 
18 11.7084 1
0.249214 0.750786 0 0 0 0 0 0 0 
31 0.209428 0
7 7.85689 0
46 0 1
1 0 0 0 0 0 0 0 0 
8 0.176192 1
0.0280763 0 0.971924 0 0 0 0 0 0 
28 0.486009 0
18 89.9282 0
0 47.5154 1
0.257073 0.678267 0 0 0 0 0.0646607 0 0 
47 1 1
1 0 0 0 0 0 0 0 0 
35 0 1
0 0.68818 0.0650754 0 0 0 0 0 0.246744 
2 3450.41 0
7 12.4162 0
45 0.933231 0
48 0.979661 0
21 178.784 0
25 250.26 0
52 0.310857 0
38 0 1
0 0.89377 0 0.00351086 0 0.0133855 0.0188968 0 0.0704366 
30 0.636127 0
44 0 1
0 0.592571 0 0 0 0.407429 0 0 0 
0 470.99 1
0 0.113439 0 0 0 0.886561 0 0 0 
2 2862.42 0
7 7.38889 0
2 2451.38 1
0 0.727004 0 0 0.0522546 0.220741 0 0 0 
14 112.084 0
0 2137.98 0
1 4688.66 0
42 0.359261 1
0 0.770373 0 0.0173661 0 0.165525 0.0467356 0 0 
6 194.913 1
0 0.109374 0 0 0 0.873522 0 0 0.0171038 
25 308.631 0
18 151.296 1
0 0.881013 0 0 0 0.118987 0 0 0 
0 2204.86 1
0 0.423038 0 0 0 0.576962 0 0 0 
1 5861.38 1
0 0 0 0 0 1 0 0 0 
6 60.3955 1
0 0.213532 0 0.0176496 0.0438056 0.0168227 0 0 0.70819 
22 22.2505 0
53 0.391757 0
0 1321.92 0
0 767.148 0
1 4055.17 1
0 1 0 0 0 0 0 0 0 
3 1430.98 0
30 0.00293604 0
46 0 1
0 1 0 0 0 0 0 0 0 
12 2.7598 1
0 0.0113725 0 0 0 0.0104047 0 0 0.978223 
21 219.889 1
0 0.0913271 0 0 0 0 0 0 0.908673 
19 126.935 1
0 0.529165 0 0 0 0 0.470835 0 0 
25 282.069 1
0 1 0 0 0 0 0 0 0 
25 291.438 1
0 0.0519292 0 0 0 0.868582 0 0 0.0794889 
34 0.183497 0
36 0.976965 0
17 1.76695 0
23 1145.44 1
0 0.851816 0 0 0.0939434 0 0 0 0.0542411 
13 0.497849 0
11 0.00176309 0
24 30.6684 0
19 71.7764 1
0 0.477528 0 0 0.522473 0 0 0 0 
12 3.4253 1
0 1 0 0 0 0 0 0 0 
43 0 1
0 0.61151 0 0 0.38849 0 0 0 0 
16 431.902 1
0 0.799776 0 0 0.200224 0 0 0 0 
30 1 1
0 0 0 0 0 0 0 0 1 
6 1.09114 0
14 0.260859 0
9 3.80825 0
39 0.947978 0
20 2.07916 1
0 0.0100532 0 0 0.989947 0 0 0 0 
9 0.1 1
0 0.0483228 0 0 0.951677 0 0 0 0 
50 0 1
0 0 0 0 1 0 0 0 0 
25 227.045 1
0 0.00209669 0 0 0.997903 0 0 0 0 
48 1 1
0 0.00080533 0 0 0.999195 0 0 0 0 
21 597.181 0
9 5.2094 0
43 0.165086 0
2 852.312 0
17 2.30475 0
40 0.819139 1
0 1 0 0 0 0 0 0 0 
14 0.292213 1
0 0.448031 0 0 0 0 0.551969 0 0 
1 1045.15 0
19 36.2628 0
23 367.895 1
0 0.183525 0 0 0 0 0.816475 0 0 
18 13.1776 1
0 0.983203 0 0 0 0 0.0167965 0 0 
3 1805.08 1
0 0.29471 0 0 0 0 0.70529 0 0 
0 1883.27 0
25 235.791 0
15 1.94497 0
47 0 1
0 1 0 0 0 0 0 0 0 
21 136.847 1
0 0.8501 0 0.1499 0 0 0 0 0 
8 0.273938 1
0 0.333572 0.0168737 0.00797251 0 0 0 0.0017881 0.639794 
2 1030.62 0
45 1 1
0 0.88225 0 0 0 0 0.11775 0 0 
6 1.06438 0
25 275.775 1
0 0.436203 0 0.240364 0 0 0.323433 0 0 
16 462.54 0
10 147.554 0
15 1.9349 1
0 0.331546 0 0.0717489 0 0.113979 0.482726 0 0 
50 0 1
0 0.502042 0 0.497958 0 0 0 0 0 
37 0.532977 1
0 1 0 0 0 0 0 0 0 
21 155.559 0
16 478.8 0
45 1 1
0 1 0 0 0 0 0 0 0 
0 1419.26 1
0 0.034225 0 0 0 0 0.965775 0 0 
26 0.0470302 0
3 1644.67 0
6 1.21019 0
42 0.985611 0
24 7.18467 0
41 0 1
0 1 0 0 0 0 0 0 0 
4 0.0570388 1
0 0.0272533 0 0.0270316 0 0 0.945715 0 0 
38 0 1
0 1 0 0 0 0 0 0 0 
39 0 1
0 0.111013 0 0 0 0 0.888987 0 0 
43 0.358344 0
48 0 1
0 0.000841159 0 0 0 0 0.999159 0 0 
19 37.3874 0
32 0 1
0 0.0260618 0 0 0 0 0.973938 0 0 
14 0.217291 1
0 0.0130225 0.0136689 0 0 0 0.973309 0 0 
53 0 1
0 1 0 0 0 0 0 0 0 
3 1156.82 1
0 0 0 0 0 0 0 0 1 
25 248.801 0
22 22.9083 0
11 0.0608939 0
3 1569.3 1
0 0.000240691 0.0161688 0.98359 0 0 0 0 0 
2 2282.28 1
0 0 0.0355017 0.964498 0 0 0 0 0 
2 728.435 0
35 0 1
0 0 0.0116216 0.988378 0 0 0 0 0 
4 0.0516532 0
45 1 1
0 0 0.908062 0.0919378 0 0 0 0 0 
39 0.858 0
28 1 1
0 0 0.949045 0.0509553 0 0 0 0 0 
10 64.269 1
0 0 0.913662 0.0863378 0 0 0 0 0 
49 0.89082 0
10 26.61 0
25 298.329 1
0 0.0113188 0 0.0898141 0 0.898867 0 0 0 
18 128.038 0
18 96.6484 0
33 1 1
0 0.000280327 0.98865 0.0100097 0 0.00106008 0 0 0 
1 2289.78 0
24 9.7734 1
0 0 0.475634 0.524366 0 0 0 0 0 
7 58.6176 0
39 0 1
0 0 0.68949 0 0 0.31051 0 0 0 
2 701.584 0
11 0.00782942 1
0 0 0.526124 0 0 0.473876 0 0 0 
31 1 1
0 0 0.956737 0.00376701 0 0.0394958 0 0 0 
52 0.0373637 1
0 0 0.270119 0 0 0.729881 0 0 0 
30 0.129973 0
21 218.361 0
16 264.546 0
3 1862.69 0
2 1446.22 0
18 63.6745 0
15 2.02146 1
0 0 0.997382 0.00261803 0 0 0 0 0 
23 419.931 0
1 721.578 1
0 0 0.810239 0.189761 0 0 0 0 0 
19 77.9431 1
0 0 0 1 0 0 0 0 0 
29 0 1
0 0 0.0877609 0.912239 0 0 0 0 0 
9 0.167237 1
0 0 0.346029 0.65397 0 0 0 0 0 
23 195.117 0
9 11.8447 0
2 1376.35 1
0 0 0.653527 0.328078 0 0.0183946 0 0 0 
23 10.1487 1
0 0 0.140012 0.859988 0 0 0 0 0 
37 0 1
0 0 0.187027 0.812973 0 0 0 0 0 
9 23.7721 0
28 0.842521 0
28 0 1
0 0 1 0 0 0 0 0 0 
11 0.00566702 0
6 1.10527 1
0 0 0.0450798 0.95492 0 0 0 0 0 
20 2.18661 0
29 0 1
0 0 0.0422313 0.957769 0 0 0 0 0 
5 0.00107942 0
4 0.176636 1
0 0 0.185621 0.814379 0 0 0 0 0 
29 0 1
0 0 0 1 0 0 0 0 0 
46 0 1
0 0 0.993822 0.00617846 0 0 0 0 0 
3 1522.49 0
43 0.630156 0
14 4.55487 0
21 225.337 1
0 0 0.0490875 0.950912 0 0 0 0 0 
45 1 1
0 0 0.967353 0.0326469 0 0 0 0 0 
6 160.39 1
0 0.00231572 0.933372 0.0643127 0 0 0 0 0 
10 40.829 0
19 65.8955 1
0 0 0.260764 0.739236 0 0 0 0 0 
52 0 1
0 0 0.0209746 0.977136 0 0.00188917 0 0 0 
47 0.0493373 0
31 0.696707 0
25 242.19 0
0 90.0372 0
2 4181.85 0
3 1983.54 1
0 0.214106 0 0 0 0 0 0.785894 0 
5 0.0622105 1
0 1 0 0 0 0 0 0 0 
44 0.334575 0
0 277.85 0
1 4198.11 0
3 1931.31 1
0 0.0863357 0 0 0 0 0 0.913664 0 
7 7.19137 1
0 0.00718655 0 0 0 0 0 0.992813 0 
2 5268.43 1
0 0.00259437 0 0 0 0 0 0.997406 0 
13 0.435817 1
0 0.77124 0 0 0 0 0 0.22876 0 
1 4635.71 0
27 0.743274 0
49 0 1
0 0.0167422 0 0 0 0 0 0.983258 0 
2 4666.7 0
28 0 1
0 0.998111 0 0 0 0 0 0.001889 0 
3 1427.89 1
0 0.0339273 0 0 0 0 0 0.966073 0 
30 0.559072 0
23 237.83 1
0.000190377 0 0 0 0 0 0 0.99981 0 
23 480.768 1
0 0.42831 0 0 0 0 0 0.57169 0 
1 4452.84 0
7 14.966 0
10 83.933 0
2 4066.63 0
40 0.735748 1
0 0.0245106 0 0 0 0 0 0 0.975489 
2 4316.71 0
22 2.97542 1
0 0.0553816 0 0 0 0 0 0 0.944618 
40 0.354551 0
10 35.0277 0
37 0.575644 1
0 1 0 0 0 0 0 0 0 
0 1872.87 1
0 0.0133867 0 0 0 0 0 0 0.986613 
13 0.570617 1
0 0.0591036 0 0 0 0 0 0 0.940896 
14 21.9432 1
0 0.136937 0 0 0 0.863063 0 0 0 
52 0 1
0 0 0.988326 0.0116741 0 0 0 0 0 
21 190.117 1
0 0.528821 0.0934848 0 0 0.00350838 0.00495291 0 0.369233 
31 0.772328 0
28 0.0457622 0
0 2020.73 0
41 0.664321 0
21 159.343 0
4 0.120897 1
1 0 0 0 0 0 0 0 0 
0 1940.9 0
50 0 1
1 0 0 0 0 0 0 0 0 
0 1951.84 0
27 0 1
1 0 0 0 0 0 0 0 0 
13 0.521044 1
0.248559 0.751441 0 0 0 0 0 0 0 
24 7.84174 0
21 128.376 0
9 0.0787509 1
1 0 0 0 0 0 0 0 0 
6 1.15521 1
0.784415 0.215585 0 0 0 0 0 0 0 
24 8.7862 1
0.885477 0.114523 0 0 0 0 0 0 0 
19 131.922 1
0.4616 0.5384 0 0 0 0 0 0 0 
15 1.91821 0
15 1.88343 1
0.0157078 0.984292 0 0 0 0 0 0 0 
33 0.448675 0
17 1.10111 0
27 0.541791 0
15 2.02165 1
0.424086 0.575914 0 0 0 0 0 0 0 
23 10.6201 1
0.887432 0.112568 0 0 0 0 0 0 0 
9 0.138258 1
0.892332 0.107668 0 0 0 0 0 0 0 
18 59.28 1
0 0 1 0 0 0 0 0 0 
16 24.6068 0
24 8.33777 0
30 0.815108 1
0.0241541 0.975846 0 0 0 0 0 0 0 
28 0 1
0.925836 0.0420748 0 0 0 0 0.0320888 0 0 
13 0.84183 1
0 0.68818 0.0650754 0 0 0 0 0 0.246744 
18 17.9278 0
47 0.242206 0
25 255.522 0
46 0.900491 0
8 0.135888 1
0 1 0 0 0 0 0 0 0 
1 4823.5 0
0 222.911 0
3 1768.86 0
1 4452.55 0
13 0.45 1
0 1 0 0 0 0 0 0 0 
28 0.718621 1
0 0.00961837 0 0 0 0 0 0.990382 0 
1 4573.42 0
3 1929.01 0
13 0.635334 1
0 1 0 0 0 0 0 0 0 
1 4122.08 1
0 0.0199524 0 0 0 0 0 0.980048 0 
47 0 1
0 1 0 0 0 0 0 0 0 
3 1549.2 1
0 0.00325611 0 0 0 0 0 0.996744 0 
6 1.33741 1
0 1 0 0 0 0 0 0 0 
2 4475.26 0
2 4274.41 0
24 7.12695 1
0.000221228 0.997033 0 0.00144736 0 0 0 0.00129848 0 
13 0.440755 1
0 0 0 0 0 0 0 1 0 
18 12.3094 1
0 0.000396799 0 0 0 0 0 0.999603 0 
26 0.71486 0
19 100.45 0
28 0.582055 0
41 0.849456 0
52 0 1
0.999339 0.000660951 0 0 0 0 0 0 0 
17 1.23693 0
21 164.995 0
21 128.786 1
0.952408 0.0475919 0 0 0 0 0 0 0 
18 11.3647 1
0.602553 0.397447 0 0 0 0 0 0 0 
22 0 1
0.377499 0.622501 0 0 0 0 0 0 0 
19 78.965 0
13 0.411521 0
27 1 1
0.287892 0.712108 0 0 0 0 0 0 0 
8 0.159381 1
0.108166 0.891834 0 0 0 0 0 0 0 
4 0.157256 1
0.953743 0.0462569 0 0 0 0 0 0 0 
9 4.80831 0
22 2.13721 1
0.988391 0.0116088 0 0 0 0 0 0 0 
50 0 1
0 1 0 0 0 0 0 0 0 
25 248.571 0
18 11.6733 1
0.949493 0.0505073 0 0 0 0 0 0 0 
7 7.2432 0
21 163.841 1
0 1 0 0 0 0 0 0 0 
17 1.1032 0
34 0 1
0.894625 0.105375 0 0 0 0 0 0 0 
9 0.129262 1
0.611907 0.388093 0 0 0 0 0 0 0 
7 14.8019 0
1 4432.51 0
3 1487.2 0
26 0.629967 0
19 57.6212 0
1 957.926 0
19 16.6929 0
23 52.4506 1
0 0.12914 0 0 0 0 0.87086 0 0 
31 1 1
0 1 0 0 0 0 0 0 0 
45 0.522619 1
0 0.932711 0 0 0 0 0.0672889 0 0 
7 7.72412 0
35 0.942943 0
18 103.009 0
42 0.174665 1
0 0.972974 0 0.012574 0 0.00599246 0.00845977 0 0 
1 1148.46 1
0 0.536324 0 0 0 0.0209088 0.442767 0 0 
2 638.528 1
0 0 0 0 0 0 1 0 0 
35 0.967309 0
28 0.126006 0
14 30.2104 1
0 0.932332 0 0.0224182 0 0 0.0301659 0.0150841 0 
0 786.338 0
3 1003.36 1
0 1 0 0 0 0 0 0 0 
25 233.17 0
46 0 1
0 0.837429 0 0 0 0 0.162571 0 0 
11 0.0920304 1
0 0.0589998 0 0.00357763 0 0.0063329 0.00825267 0 0.922837 
6 1.09849 1
0 0.0142042 0 0 0 0 0.985796 0 0 
31 1 1
0 0.863881 0 0 0 0.136119 0 0 0 
2 3511.58 0
9 3.14344 0
13 0.761382 0
10 41.0029 0
25 264.443 1
0 0.875867 0 0.0246452 0 0 0.0994877 0 0 
9 1.22687 0
49 0.707845 1
0 0.944391 0 0.0110852 0 0 0.00745809 0 0.037066 
28 0.133353 0
25 232.608 1
0 0.157763 0 0 0 0 0.842237 0 0 
34 0 1
0 0.978666 0 0.0213342 0 0 0 0 0 
19 95.1884 0
17 1.18242 1
0 0.891507 0.108493 0 0 0 0 0 0 
12 16.572 1
0 0.261612 0 0.389226 0 0 0.349162 0 0 
1 1703.67 0
9 14.887 0
0 1166.12 0
19 72.6363 1
0 0.0124705 0 0 0 0 0.98753 0 0 
33 0 1
0 0.956804 0.0431955 0 0 0 0 0 0 
43 0.270342 0
10 96.3261 1
0 0 0 0 0 0 1 0 0 
23 573.867 1
0 0.010082 0 0.00571426 0 0 0.984204 0 0 
7 7.89915 1
0 0.578078 0 0 0 0 0.0706749 0 0.351247 
46 0.873832 1
0 0.0413445 0 0 0 0 0 0.018395 0.94026 
1 6531.78 0
1 5469.26 0
2 3503.07 0
7 7.35035 0
2 1779.16 1
0 0.801672 0 0 0 0.198329 0 0 0 
0 2173.1 0
0 514.535 0
37 0.540356 1
0 1 0 0 0 0 0 0 0 
23 445.376 0
14 107.298 0
23 113.193 1
0 0.0910503 0 0 0 0.748447 0 0 0.160503 
10 160.813 1
0 0 0 0 0 1 0 0 0 
8 0.176264 1
0 0.115331 0 0 0 0.0103841 0 0 0.874285 
17 1.09874 1
0 0.983641 0 0 0 0 0.0163592 0 0 
15 2.79002 0
31 0.745622 0
16 13.3535 1
0 0.782427 0 0 0 0 0 0.217573 0 
7 7.77549 1
0 0.507434 0 0 0 0 0 0 0.492566 
12 1.41113 1
0 0.907272 0 0 0 0.0927278 0 0 0 
30 0.163822 0
28 0.0990416 0
13 0.487705 1
0 0.789309 0 0 0 0 0.210691 0 0 
25 249.548 0
15 1.90456 1
0 0.808833 0 0 0 0.191167 0 0 0 
21 134.909 0
17 1.03 1
0 1 0 0 0 0 0 0 0 
0 473.402 0
22 23.6744 1
0 1 0 0 0 0 0 0 0 
16 278.543 0
10 126.932 1
0 0.142368 0 0 0.0500681 0.807564 0 0 0 
1 6195.35 1
0 0.0354242 0 0 0.0436031 0.920973 0 0 0 
2 4897.37 0
2 2492.58 0
6 1.14883 0
41 0 1
0 0.180574 0 0 0 0.819426 0 0 0 
6 1.24553 0
18 130.779 0
24 10.5292 1
0 0.0314016 0 0 0 0.25446 0 0 0.714138 
41 0 1
0 1 0 0 0 0 0 0 0 
17 1.085 1
0 0.0591036 0 0 0 0 0 0 0.940896 
25 244.585 0
16 124.234 1
0 0.877148 0 0 0 0.122852 0 0 0 
7 7.66829 0
33 0 1
0 1 0 0 0 0 0 0 0 
15 2.00657 0
12 0.733354 1
0 0.00933448 0 0 0 0 0 0 0.990665 
29 0 1
0 0.0245106 0 0 0 0 0 0 0.975489 
28 1 1
0 1 0 0 0 0 0 0 0 
21 569.497 0
22 15.7742 0
28 0.43656 0
25 236.005 0
9 8.02471 0
18 38.6409 1
0.0560018 0.943998 0 0 0 0 0 0 0 
24 9.78549 1
0.754117 0 0 0 0 0 0.245883 0 0 
38 0 1
0.996013 0.00398652 0 0 0 0 0 0 0 
25 267.808 0
13 0.555675 1
0 0.93111 0 0 0.0136641 0 0 0 0.0552257 
9 0.00308345 1
0 0.639922 0 0 0.360078 0 0 0 0 
31 0.374618 0
5 0.0986082 1
0.973252 0.0267485 0 0 0 0 0 0 0 
2 3065.66 0
23 263.08 0
23 91.3362 0
25 278.253 0
20 149.124 1
0 0.0165591 0 0 0.983441 0 0 0 0 
3 1000 1
0 1 0 0 0 0 0 0 0 
31 1 1
0 1 0 0 0 0 0 0 0 
39 0 1
0 1 0 0 0 0 0 0 0 
15 2.92559 1
0 1 0 0 0 0 0 0 0 
34 0 1
0 0 0 0 0 0 0 0 1 
2 416.332 0
18 60.6526 0
19 71.5121 1
0 0 0.589762 0.410238 0 0 0 0 0 
26 0.451718 0
19 143.861 0
50 0 1
0 0 0.00634396 0.993656 0 0 0 0 0 
14 0.300515 1
0 0 0.225963 0.774037 0 0 0 0 0 
9 12.8916 0
16 79.1408 0
31 1 1
0 0 0.220627 0.729694 0 0.0496792 0 0 0 
1 4222.44 1
0 0 0.813761 0.0640812 0 0.122158 0 0 0 
31 1 1
0 0 0 1 0 0 0 0 0 
45 0.326737 0
18 164.755 0
10 41.8066 0
5 0.0324433 1
0 0.00626989 0.42119 0.0746267 0 0.497914 0 0 0 
16 517.389 0
6 217.028 0
26 0.507652 0
19 74.1459 0
47 0 1
0 0 0.994891 0.00510943 0 0 0 0 0 
0 1744.58 0
33 1 1
0 0.00742395 0.374037 0.618539 0 0 0 0 0 
24 8.4181 1
0 0 0.972736 0.0272644 0 0 0 0 0 
16 281.892 0
40 0.699429 1
0 0 0.989897 0 0 0.010103 0 0 0 
23 10.5446 1
0.00294498 0 0.97869 0 0 0.0183646 0 0 0 
26 0.218416 1
0 0 0.526124 0 0 0.473876 0 0 0 
12 2.3537 1
0 0 0 1 0 0 0 0 0 
49 0 1
0 0 0.301562 0 0 0.698438 0 0 0 
0 2334.32 0
16 461.022 0
30 0.0369638 0
21 199.287 0
12 2.27199 1
0 0 0.127552 0.843726 0 0.0287214 0 0 0 
16 262.549 0
1 865.123 0
12 2.2689 1
0 0 0.105211 0.894789 0 0 0 0 0 
25 276.236 0
22 108.971 1
0 0 0.878884 0.121116 0 0 0 0 0 
10 66.1495 1
0 0 0.338132 0.661868 0 0 0 0 0 
17 2.46302 0
50 0 1
0 0 0.812541 0.0959777 0 0.0914812 0 0 0 
5 0.0247038 0
34 0 1
0 0 0.16136 0.838639 0 0 0 0 0 
14 0.215008 1
0 0 0.297406 0.702594 0 0 0 0 0 
18 104.638 0
2 2281.58 0
2 2153.22 0
33 0.336064 1
0 0.000771738 0.019441 0.979787 0 0 0 0 0 
9 7.90641 1
0 0 0.0752755 0.924725 0 0 0 0 0 
9 2.39991 1
0 0 0.284099 0.715901 0 0 0 0 0 
2 1024.3 0
3 1862 0
11 0.0214621 0
11 0.00169182 1
0 0 0.594363 0.405637 0 0 0 0 0 
43 0.15656 1
0 0 0.573898 0.426102 0 0 0 0 0 
15 2.09349 1
0 0 0 1 0 0 0 0 0 
15 1.94429 0
13 0.269465 0
21 216.974 1
0 0 0.0915573 0.908443 0 0 0 0 0 
24 9.17974 1
0 0 0.767025 0.232975 0 0 0 0 0 
49 1 1
0 0.00103746 0.949569 0.0493931 0 0 0 0 0 
3 2231.9 1
0 0 0.0935816 0.906418 0 0 0 0 0 
46 0 1
0 0 0 1 0 0 0 0 0 
