9 5 10 50 5 1
18 33.7153 0
47 0.450067 0
25 250.543 0
46 0.817699 0
2 2059.75 1
0 1 0 0 0 0 0 0 0 
1 5073.13 0
3 1975.43 0
3 1409.36 0
31 0 1
0 1 0 0 0 0 0 0 0 
0 236.362 0
1 4101.28 0
8 0.154783 1
0 1 0 0 0 0 0 0 0 
19 80.9896 0
14 0.4717 1
0 0.00808841 0 0 0 0 0 0.991912 0 
18 23.4945 0
3 1791.29 1
0 0.123838 0 0 0 0 0 0.876162 0 
3 1884 1
0 1 0 0 0 0 0 0 0 
51 0 1
0 0.000435699 0 0 0 0 0 0.999564 0 
33 0 1
0 1 0 0 0 0 0 0 0 
46 1 1
0 1 0 0 0 0 0 0 0 
2 4540.99 0
24 9.86538 0
2 3949.96 0
44 0.643398 0
47 0 1
0 1 0 0 0 0 0 0 0 
13 0.633424 0
5 0.00294383 1
0 1 0 0 0 0 0 0 0 
11 0.0289745 1
0 0.298632 0 0.569315 0 0 0 0.132052 0 
8 0.161737 1
0 0 0 0 0 0 0 1 0 
7 7.62824 0
0 229.764 1
0 0 0 0 0 0 0 1 0 
1 2221.89 1
0 0.0354759 0 0 0 0.948837 0 0.0156871 0 
3 2055.71 1
0 0 0 0 0 0 0 1 0 
28 0.588735 0
0 2082.13 0
42 0.467295 0
41 0.0350063 0
13 0.449257 1
0.999724 0.000276284 0 0 0 0 0 0 0 
11 0.0213816 0
14 0.382374 1
0.824847 0.175153 0 0 0 0 0 0 0 
15 2.00017 1
0.370539 0.629461 0 0 0 0 0 0 0 
7 7.96084 0
38 0 1
1 0 0 0 0 0 0 0 0 
8 0.226753 0
51 0 1
1 0 0 0 0 0 0 0 0 
9 8.33738 1
0.595412 0.404588 0 0 0 0 0 0 0 
50 0 1
0 1 0 0 0 0 0 0 0 
6 29.2918 0
16 233.757 1
0.0365885 0.963412 0 0 0 0 0 0 0 
24 9.34777 1
0.89827 0.10173 0 0 0 0 0 0 0 
45 0.110465 0
52 0.846362 0
22 33.8424 0
33 0.381738 0
48 0.901202 0
0 2134.99 0
18 74.2563 0
25 260.398 0
20 8.62716 0
50 0 1
0 1 0 0 0 0 0 0 0 
17 1.07154 1
0.146039 0.74426 0 0 0 0 0 0.109701 0 
47 0.273404 0
32 0.718375 1
0 0.725997 0 0.0954515 0 0.178552 0 0 0 
20 23.6635 1
0.712013 0.287987 0 0 0 0 0 0 0 
30 0.57172 0
42 0.539795 0
4 0.181889 1
0 0.972262 0 0 0 0.0277377 0 0 0 
0 1703.69 0
13 1.54392 1
0 0.890496 0 0 0 0.109504 0 0 0 
6 1.25773 1
0 0.2009 0 0 0 0.7991 0 0 0 
12 3.22187 0
19 50.1578 0
34 0 1
0 1 0 0 0 0 0 0 0 
28 0.545159 1
0.0164636 0.0451215 0 0 0 0.00664913 0 0 0.931766 
51 0.223149 0
5 0.0886073 1
0 0.914206 0 0 0 0.0857941 0 0 0 
17 1.09457 1
0 0.45689 0 0 0 0.54311 0 0 0 
35 0.0573785 1
0 0.917177 0 0 0 0.0147999 0.0680233 0 0 
0 1318.43 0
44 0.384847 1
0 0.778628 0 0 0.0211309 0 0 0 0.200241 
20 2.31264 0
42 0.0182057 1
0 1 0 0 0 0 0 0 0 
25 246.688 0
50 0 1
0 1 0 0 0 0 0 0 0 
4 0.199331 0
5 0.0415997 1
0 0.0959961 0 0 0.904004 0 0 0 0 
8 0.215 1
0 1 0 0 0 0 0 0 0 
16 528.27 0
26 0.82021 0
24 9.79988 0
0 2284.15 0
19 11.7806 1
0 0 0.978242 0.0217578 0 0 0 0 0 
26 0 1
0 0 0 1 0 0 0 0 0 
1 2250 1
0 0 0.576709 0.423291 0 0 0 0 0 
24 761.695 1
0 0 0.985296 0 0 0.0147042 0 0 0 
6 204.297 1
0 0 0 1 0 0 0 0 0 
21 197.532 0
25 273.906 0
7 7.01753 0
0 227 1
0 0.175176 0 0 0.824824 0 0 0 0 
3 1014.97 0
18 67.9969 0
8 0.207113 1
0 1 0 0 0 0 0 0 0 
0 2175.2 0
9 8.13425 0
11 0.0606639 1
0 0.0151566 0 0 0.984843 0 0 0 0 
29 0 1
0 0.00312934 0.0243842 0 0.972486 0 0 0 0 
8 0.0810464 1
0 0 0 0 1 0 0 0 0 
22 38.46 1
0 1 0 0 0 0 0 0 0 
0 2202.89 1
0 1 0 0 0 0 0 0 0 
49 0 1
0 0.0126709 0.987329 0 0 0 0 0 0 
33 0.481975 0
21 255.856 0
0 2235.86 0
0 305.454 0
51 0 1
0 1 0 0 0 0 0 0 0 
14 140.197 0
2 1782.82 0
2 1148.47 0
25 260.609 0
18 66.1878 1
0 0.0599127 0 0 0 0.940087 0 0 0 
43 0.41335 1
0 0.0082604 0 0 0 0.99174 0 0 0 
0 1946.97 0
0 1145.44 1
0 0.414961 0 0 0 0.585039 0 0 0 
19 13.1869 1
0 0.0334399 0 0 0 0.96656 0 0 0 
24 11.3116 0
3 1251.18 0
0 959.634 1
0 0.543748 0 0 0 0.456252 0 0 0 
6 70.784 1
0 0.770905 0 0 0 0.229095 0 0 0 
39 0 1
0 0 0 0 0 1 0 0 0 
44 0.874924 1
0 0 0 0 0 1 0 0 0 
22 0.0390026 1
0 1 0 0 0 0 0 0 0 
12 2.165 1
0 0 0 0 0 0 0 0 1 
18 116.007 0
20 239.2 0
9 0.245269 0
4 908.131 1
0 0 1 0 0 0 0 0 0 
25 312.001 1
0 0 0.934664 0.0653355 0 0 0 0 0 
18 82.0113 1
0 0 0.304109 0 0 0.695891 0 0 0 
38 0 1
0 0 0 0 0 1 0 0 0 
33 0.249754 0
3 1527.76 0
0 1626.36 0
30 0.945592 0
33 0 1
0 1 0 0 0 0 0 0 0 
0 638.594 0
9 14.9934 1
0 0.0624033 0 0 0 0 0.937597 0 0 
5 0.0579915 0
1 1301.58 0
7 7.83082 0
15 2.06033 1
0 1 0 0 0 0 0 0 0 
10 44.5417 0
13 0.553892 1
0 1 0 0 0 0 0 0 0 
0 1143.4 1
0 0.0269327 0 0.00570496 0 0 0.0326996 0 0.934663 
8 0.150425 1
0 0.0325245 0 0 0 0 0 0 0.967475 
25 253.211 1
0 1 0 0 0 0 0 0 0 
43 0.591929 0
35 0.257402 1
0 0.904255 0 0 0 0 0.0957452 0 0 
2 1857.88 0
17 2.97292 0
21 165.274 0
2 1530.54 1
0 0.850164 0 0 0 0 0.149836 0 0 
7 8.16592 1
0 0.0496957 0 0 0 0 0.950304 0 0 
0 2188.96 0
4 0.0859129 1
0 0.511979 0 0.488021 0 0 0 0 0 
11 0.0410112 1
0 0.207778 0 0.792222 0 0 0 0 0 
21 141.503 1
0 0.355379 0 0.169374 0 0.475247 0 0 0 
9 9.84065 0
9 0.459592 0
19 30.1104 0
21 188.811 1
0 0.776666 0 0 0 0 0.223335 0 0 
7 53.833 0
4 0.042001 0
2 1727.26 1
0 0.916774 0 0.083226 0 0 0 0 0 
42 0.433024 1
0 1 0 0 0 0 0 0 0 
34 0 1
0 0 0 1 0 0 0 0 0 
2 1084.44 0
23 382.35 1
0 0.709337 0 0 0 0 0.290663 0 0 
10 141.441 0
5 0.0997757 1
0 0.0296021 0 0 0 0 0.970398 0 0 
48 0 1
0 0 0 1 0 0 0 0 0 
1 512.118 0
15 1.97127 1
0 0.451646 0 0 0 0 0.548354 0 0 
9 13.2388 0
16 262.82 0
48 0 1
0 0.91391 0 0 0 0 0.0860897 0 0 
16 391.732 1
0 0.0496957 0 0 0 0 0.950304 0 0 
25 232.66 1
0 0.000890585 0 0 0 0 0.999109 0 0 
25 250.515 0
19 82.0822 0
9 3.6437 0
35 0 1
0 0 0.00729766 0.992702 0 0 0 0 0 
7 57.8044 0
4 0.163987 0
49 1 1
0 0 1 0 0 0 0 0 0 
3 1944.74 1
0 0 0.505398 0.494602 0 0 0 0 0 
34 0 1
0 0 0.0532522 0.946748 0 0 0 0 0 
19 91.9931 0
6 1.06604 0
17 1.10692 1
0 0 0 1 0 0 0 0 0 
2 751.488 0
43 0.422254 1
0 0 0 1 0 0 0 0 0 
9 19.1407 1
0 0 0.963726 0.0362745 0 0 0 0 0 
7 57.2213 0
22 7.66487 1
0 0 0.576709 0.423291 0 0 0 0 0 
7 71.7892 1
0 0 0 1 0 0 0 0 0 
1 1028.84 0
8 17.4006 0
18 73.7016 0
24 9.12634 0
29 0 1
0 0 1 0 0 0 0 0 0 
3 1117.84 1
0 0 0.505398 0.494602 0 0 0 0 0 
23 220.235 0
6 182.283 0
16 387.651 0
1 766.432 0
27 0.283252 1
0 0 0.0927096 0.90729 0 0 0 0 0 
22 110.348 1
0 0 0.800518 0.199482 0 0 0 0 0 
24 8.9835 0
0 2230.35 1
0 0 0.523907 0.476093 0 0 0 0 0 
24 9.31836 1
0 0 0.0600305 0.939969 0 0 0 0 0 
51 0 1
0 0 0 1 0 0 0 0 0 
35 0.119083 1
0 0 0.0283669 0.971633 0 0 0 0 0 
14 0.353673 1
0 0 0.243961 0.756039 0 0 0 0 0 
3 1476.67 0
22 1.95979 0
47 0 1
0 0 0 1 0 0 0 0 0 
7 13.7379 0
31 1 1
0 0 0 0 0 1 0 0 0 
15 5.44784 0
7 72.785 1
0 0 0.905097 0.094903 0 0 0 0 0 
41 0 1
0 0 0 1 0 0 0 0 0 
17 1.44319 0
20 2.7692 1
0 0 0.0116088 0.988391 0 0 0 0 0 
24 8.75513 0
36 0 1
0 0 0 1 0 0 0 0 0 
25 278.995 1
0 0 0.78626 0.21374 0 0 0 0 0 
18 34.1069 0
47 0.805795 0
25 248.082 0
1 4627.09 0
43 0.364539 0
0 155.188 0
1 4110.12 0
29 0 1
0 1 0 0 0 0 0 0 0 
25 237.58 0
1 4277.44 1
0 0.0121414 0 0 0 0 0 0.987859 0 
25 239.831 0
24 7.22088 1
0 0.446801 0 0 0 0 0 0.553199 0 
20 2.40681 1
0 0 0 0 0 0 0 1 0 
0 912.314 0
1 4598.83 0
5 0.0759687 0
33 0 1
0 0 0 0 0 0 0 1 0 
10 62.9668 0
40 0.616688 1
0 0 0 0 0 0 0 1 0 
9 0.0247863 0
17 1.02525 1
0 0.530679 0 0 0 0 0 0.469321 0 
31 0 1
0 0 0 0 0 0 0 1 0 
3 1219.5 1
0 1 0 0 0 0 0 0 0 
0 930.132 1
0 0.113862 0 0 0 0 0 0.886138 0 
49 0.281901 1
0 1 0 0 0 0 0 0 0 
12 2.96171 1
0 1 0 0 0 0 0 0 0 
2 4090.09 0
21 142.006 0
3 1811.13 0
18 12.5252 1
0 0.0360413 0 0 0 0.963959 0 0 0 
12 139.108 1
0 0 0 0 0 0 0 1 0 
1 4422.63 0
14 0.31873 0
34 0 1
0 0.871538 0 0 0 0 0 0.128462 0 
11 0.0280513 1
0 0 0 0.811722 0 0 0 0.188278 0 
39 0 1
0 1 0 0 0 0 0 0 0 
13 0.333508 1
0 0 0 0 0 0 0 1 0 
7 7.28264 0
28 0.750281 1
0.0239403 0.97606 0 0 0 0 0 0 0 
0 2105.55 0
28 0.506052 0
41 0.140834 0
24 9.43474 0
18 15.226 1
1 0 0 0 0 0 0 0 0 
21 200.629 1
0.984514 0.0154858 0 0 0 0 0 0 0 
4 0.0371824 0
41 1 1
0 1 0 0 0 0 0 0 0 
21 166.098 1
0.721457 0.278543 0 0 0 0 0 0 0 
24 10.4519 0
8 0.239452 0
5 0.0851339 1
0.904018 0.0959825 0 0 0 0 0 0 0 
4 0.154855 1
0.370539 0.629461 0 0 0 0 0 0 0 
22 0 1
0 1 0 0 0 0 0 0 0 
49 0 1
0 1 0 0 0 0 0 0 0 
7 22.7424 0
52 0.555748 0
1 8009.44 0
2 1494.6 0
45 0.76489 0
3 1261.3 0
42 0.389016 0
23 370.389 1
0 0.159714 0 0 0 0 0.0484781 0 0.791808 
12 1.15538 0
42 1 1
0 0.627213 0 0 0 0.372787 0 0 0 
1 5095.61 1
0 0.100854 0 0 0 0.899146 0 0 0 
1 5362.34 0
12 3.86778 1
0 1 0 0 0 0 0 0 0 
10 52.9902 0
30 0 1
0 1 0 0 0 0 0 0 0 
3 1339.77 1
0 0.074176 0 0 0 0.925824 0 0 0 
36 0.515493 0
9 6.86388 0
7 12.3229 0
43 0.402036 0
19 119.131 0
21 197.602 1
0 0.967901 0 0 0 0 0.0320985 0 0 
3 1706.16 1
0 0.711892 0 0 0 0 0.288108 0 0 
2 1059.96 0
13 0.387884 1
0 0.879826 0 0 0 0 0.120174 0 0 
13 0.468729 1
0 0.52925 0 0.097642 0 0 0.373108 0 0 
19 99.4445 1
0 0 0.576709 0.423291 0 0 0 0 0 
33 0.996944 0
10 132.201 0
26 0.911889 0
22 17.6005 1
0 0.0292801 0 0 0 0 0.97072 0 0 
19 71.4025 1
0 1 0 0 0 0 0 0 0 
3 1000 1
0 0 0 1 0 0 0 0 0 
2 1215.24 1
0 0 0.119907 0.880093 0 0 0 0 0 
0 994.468 1
0 0 0 0 0 0 0 0 1 
35 0.329419 0
33 0.551832 0
7 7.39986 0
17 2.30499 1
0 1 0 0 0 0 0 0 0 
15 2.26577 0
30 0.524625 0
11 0.0887266 0
18 136 1
0 0.860292 0 0.0266678 0 0.0748271 0.0382134 0 0 
28 0.877546 1
0.502273 0.497727 0 0 0 0 0 0 0 
0 732.268 0
40 0 1
0 0.9739 0 0 0 0 0 0.0260999 0 
10 28.1766 1
0.01545 0.0524919 0 0.00116362 0 0.00326499 0.0016674 0 0.925962 
2 3820.51 0
25 241.454 0
53 0 1
0 1 0 0 0 0 0 0 0 
22 28.3863 1
0 0.187005 0 0.164542 0.135465 0.512988 0 0 0 
30 0.142314 1
0 0.968873 0 0 0 0.0311272 0 0 0 
2 1741.99 0
37 0 1
0 0 0 1 0 0 0 0 0 
24 9.22331 0
14 555.383 1
0 0 0 0.681361 0 0.318639 0 0 0 
22 28.9248 1
0 0 0.948435 0.0515652 0 0 0 0 0 
9 31.4706 1
0 0.00479352 0 0 0 0 0.995206 0 0 
22 28.1392 0
30 0.44495 0
12 0.742815 0
15 1.97762 1
0 0.443339 0 0 0.556661 0 0 0 0 
45 0 1
0 0.910668 0 0 0.0893317 0 0 0 0 
20 73.076 1
0 0.7502 0 0 0 0 0 0 0.2498 
18 69.6629 0
44 0 1
0 1 0 0 0 0 0 0 0 
22 32.2034 0
20 2.20282 1
0 0.754873 0 0 0.245128 0 0 0 0 
5 0.135863 0
23 441.384 0
8 15.4182 0
9 3.70193 0
17 1.04999 1
0 0.0124555 0 0 0.987545 0 0 0 0 
11 0.0504859 1
0 0.000803823 0 0 0.999196 0 0 0 0 
33 0 1
0 1 0 0 0 0 0 0 0 
31 1 1
0 1 0 0 0 0 0 0 0 
53 0 1
0 1 0 0 0 0 0 0 0 
16 585.311 0
0 495.976 0
11 0.0680415 1
0 1 0 0 0 0 0 0 0 
0 2237.56 0
2 1442.76 0
23 539.396 0
29 0.0676809 0
18 117.113 0
0 2191.85 0
0 1442.8 1
0 0.0338629 0 0 0 0.898985 0 0 0.0671525 
31 1 1
0 1 0 0 0 0 0 0 0 
52 1 1
0 0.528672 0 0 0 0.471328 0 0 0 
2 1147.12 0
21 187.535 1
0 0.000774034 0 0 0 0.999226 0 0 0 
40 0.352469 0
42 0.275615 1
0 0.00572896 0 0 0 0.994271 0 0 0 
41 0 1
0 1 0 0 0 0 0 0 0 
49 0 1
0 0.063 0 0 0 0 0 0 0.937 
0 2147.82 0
23 111.808 0
0 1258.7 0
29 0.485647 0
30 0.90793 1
0 0.741887 0 0 0 0.258113 0 0 0 
4 0.199861 1
0 0.0219411 0 0 0 0.978059 0 0 0 
23 79.7302 0
1 4621.44 1
0 0.0334166 0 0 0 0.966583 0 0 0 
11 0.0425 1
0 1 0 0 0 0 0 0 0 
16 265.085 1
0 0.746474 0 0 0 0.253526 0 0 0 
18 147.244 0
9 0.107145 1
0 1 0 0 0 0 0 0 0 
8 0.153209 1
0 0.1575 0 0 0 0.8425 0 0 0 
2 1548.07 1
0 1 0 0 0 0 0 0 0 
0 928.333 0
46 0 1
0 0.0228344 0 0 0 0.977166 0 0 0 
14 0.233859 1
0 0.0370287 0 0 0 0.0188642 0 0 0.944107 
45 0.648486 0
25 246.371 0
24 10.0024 1
0 0 0.538704 0.461296 0 0 0 0 0 
18 154.186 0
6 205.568 0
12 2.05615 0
25 270.049 1
0 0 0.891004 0.108996 0 0 0 0 0 
43 0.0875824 0
24 9.79939 0
30 0.546147 1
0 0 1 0 0 0 0 0 0 
22 6.4216 0
0 954 1
0 0 0 1 0 0 0 0 0 
6 171.385 1
0 0 0.686031 0 0 0.313969 0 0 0 
25 317.19 1
0 0 0.989473 0.00717286 0 0.00335438 0 0 0 
30 0.0250097 1
0 0 0.304109 0 0 0.695891 0 0 0 
29 0.538725 1
0 0 0.225609 0 0 0.774391 0 0 0 
25 237.595 0
2 1483.06 0
7 54.0458 0
17 1.17537 1
0 0 0.605171 0.394829 0 0 0 0 0 
46 0 1
0 0 0 1 0 0 0 0 0 
10 55.2449 0
52 0 1
0 0 0 1 0 0 0 0 0 
17 1.06093 0
46 0 1
0 0 0 1 0 0 0 0 0 
16 255.668 0
1 1529.85 0
4 0.0981804 0
2 2148.5 1
0 0 0.671448 0.328552 0 0 0 0 0 
8 0.220752 1
0 0 0.744866 0.255134 0 0 0 0 0 
47 0 1
0 0 0 1 0 0 0 0 0 
36 0 1
0 0 0 1 0 0 0 0 0 
30 0.603227 0
0 2317.95 0
34 0.272737 0
0 2053.93 0
26 0.580331 0
13 0.621864 0
30 0 1
0 0 0.0658318 0.934168 0 0 0 0 0 
12 2.23498 0
21 215.594 1
0 0 0.380075 0.619925 0 0 0 0 0 
21 232.087 1
0 0 0.113262 0.886738 0 0 0 0 0 
27 1 1
0 0 1 0 0 0 0 0 0 
1 792.312 0
50 0 1
0 0 0 1 0 0 0 0 0 
18 74.9648 0
12 3.14601 0
16 495.827 1
0 0 0.89382 0.10618 0 0 0 0 0 
49 1 1
0 0 0 1 0 0 0 0 0 
21 231.276 0
3 1784.03 1
0 0 0.671448 0.328552 0 0 0 0 0 
0 2168.5 1
0 0 0 1 0 0 0 0 0 
21 268.548 1
0 0 0.0618472 0.938153 0 0 0 0 0 
19 47.4293 1
0 0 0.211369 0.788631 0 0 0 0 0 
3 1739.82 0
2 465.307 0
38 0 1
0 0 0 1 0 0 0 0 0 
20 231.479 0
12 1.42233 0
45 1 1
0 0 0 1 0 0 0 0 0 
15 2.04834 0
21 185.354 1
0 0.00336776 0.970951 0.0256813 0 0 0 0 0 
24 10.1845 1
0 0 0.718672 0.281328 0 0 0 0 0 
25 259.151 1
0 0 0 1 0 0 0 0 0 
2 646.819 0
2 536.355 1
0 0 0 1 0 0 0 0 0 
10 53.3776 0
39 0 1
0 0 0 1 0 0 0 0 0 
12 3.62613 1
0 0 0.803433 0.196567 0 0 0 0 0 
18 13.7031 0
47 0.0217415 0
25 245.188 0
46 0.982282 0
21 135.022 1
0 1 0 0 0 0 0 0 0 
1 4592.27 0
1 4107.58 0
18 10.9834 1
0 1 0 0 0 0 0 0 0 
0 193.06 0
1 4297.23 0
0 144.134 1
0 0.178611 0 0 0 0 0 0.821389 0 
3 1580.33 1
0 0.0114644 0 0 0 0 0 0.988536 0 
21 171.103 0
18 10.7769 1
0 0.000435867 0 0 0 0 0 0.999564 0 
3 1708.73 0
10 59.4022 1
0 0.273737 0 0 0 0 0 0.726263 0 
36 0 1
0 0 0 0 0 0 0 1 0 
24 7.15721 1
0 1 0 0 0 0 0 0 0 
1 4664.28 0
27 0.791616 0
41 0 1
0 0 0 0 0 0 0 1 0 
21 149.969 0
24 9.49 1
0 0 0 0 0 0 0 1 0 
2 5912.64 1
0 0.993268 0 0.0039698 0 0 0 0.00276237 0 
2 4314.33 1
0 0.00189361 0 0 0 0 0 0.998106 0 
28 0.423103 0
0 2039.85 0
41 0.0265129 0
7 7.45042 0
24 9.40993 1
0.933897 0.0661032 0 0 0 0 0 0 0 
53 0 1
1 0 0 0 0 0 0 0 0 
8 0.210601 0
14 0.421862 1
0.913763 0.0862375 0 0 0 0 0 0 0 
14 0.25338 1
0.2274 0.7726 0 0 0 0 0 0 0 
11 0 1
0 1 0 0 0 0 0 0 0 
16 536.202 0
42 0 1
0 1 0 0 0 0 0 0 0 
41 0.720175 1
0.89827 0.10173 0 0 0 0 0 0 0 
33 0.201332 0
1 4019 0
3 1417.98 0
0 2115.99 0
21 141.227 0
19 31.8014 0
19 9.28159 1
0 0.272139 0 0 0 0.727861 0 0 0 
42 0.701106 1
0 1 0 0 0 0 0 0 0 
28 0.64016 0
7 8.01068 0
1 3363.34 1
0 1 0 0 0 0 0 0 0 
6 169.851 1
0 0.263797 0 0.502906 0 0 0 0.233297 0 
35 0.646919 0
19 53.4471 0
24 9.03268 0
26 0 1
0 1 0 0 0 0 0 0 0 
16 367.297 1
0 0.0496957 0 0 0 0 0.950304 0 0 
0 315.712 0
22 22.5651 1
0 0.338837 0 0 0 0 0.661163 0 0 
25 293.635 0
5 0.0365275 1
0 0.0432752 0 0.00175533 0 0 0.0100611 0 0.944908 
5 0.0469837 1
0 0.219004 0 0 0 0.780996 0 0 0 
25 261.71 1
0 0.0223671 0 0 0 0 0.977633 0 0 
21 187.833 0
43 0.111274 0
2 363.318 1
0 1 0 0 0 0 0 0 0 
22 23.3873 0
30 0.601805 1
0 0.845939 0 0 0 0 0.154061 0 0 
6 1.07083 0
45 0.568126 1
0 1 0 0 0 0 0 0 0 
14 0.328683 0
19 80.6331 1
0 0.344067 0 0.655933 0 0 0 0 0 
0 2145.65 1
0 1 0 0 0 0 0 0 0 
10 139.395 1
0 0 0 0.218228 0 0 0.781772 0 0 
45 0.379249 0
24 9.22353 0
2 3704.01 1
0 0.156046 0 0 0 0 0 0 0.843954 
38 0 1
0 1 0 0 0 0 0 0 0 
9 4.21219 0
10 84.8738 0
43 0.311432 0
48 0 1
0 1 0 0 0 0 0 0 0 
12 2.47982 0
46 0 1
0 0.331683 0 0 0 0 0.0385568 0 0.62976 
1 1192.14 0
13 0.457732 1
0 0.511979 0 0.488021 0 0 0 0 0 
3 1847.84 1
0 1 0 0 0 0 0 0 0 
16 19.2547 0
2 874.721 1
0 0.108751 0 0 0 0 0.891249 0 0 
6 1.3012 1
0 0.597782 0 0.402218 0 0 0 0 0 
26 0.388682 0
0 1108.72 0
43 0.0904605 0
6 1.4224 1
0 0 0 0 0 0 1 0 0 
9 44.3508 0
14 0.432521 1
0 0.0390839 0 0 0 0 0.960916 0 0 
6 1.0225 1
0 0.0838426 0 0 0 0 0.916157 0 0 
2 608.227 0
12 188.523 1
0 1 0 0 0 0 0 0 0 
15 2.24456 0
21 169.394 0
2 973.499 1
0 0.0929683 0 0 0 0 0.907032 0 0 
36 0 1
0 0 0 0 0 0 1 0 0 
45 1 1
0 1 0 0 0 0 0 0 0 
37 0.785844 1
0 1 0 0 0 0 0 0 0 
22 33.1269 0
52 0.390748 0
21 173.607 0
42 0.159402 0
26 0.436983 0
28 0.265854 0
0 509.567 0
7 7.40388 1
0 1 0 0 0 0 0 0 0 
0 2122.4 1
0.836637 0.163363 0 0 0 0 0 0 0 
8 0.244154 0
46 0.986911 1
0 0.979322 0 0 0.0206781 0 0 0 0 
14 0.334972 0
31 1 1
0 1 0 0 0 0 0 0 0 
0 1499.58 1
0 0.359316 0 0 0 0.640684 0 0 0 
7 7.81757 0
22 8.15898 0
48 0 1
1 0 0 0 0 0 0 0 0 
9 0.165691 1
0 0.209783 0 0 0.790217 0 0 0 0 
23 9.78294 1
0.0160886 0.983911 0 0 0 0 0 0 0 
31 0.1163 0
27 0.700294 0
2 4238.69 1
0.969501 0.0304993 0 0 0 0 0 0 0 
19 83.628 1
0 0.45689 0 0 0 0.54311 0 0 0 
2 2425.49 0
2 1321.12 0
0 2308.04 0
0 541.676 1
0 0.0687225 0 0 0 0.931278 0 0 0 
15 1.92 1
0 1 0 0 0 0 0 0 0 
26 0.284329 0
32 0.62721 1
0 0.627213 0 0 0 0.372787 0 0 0 
0 1322.21 1
0 0.0655114 0 0 0 0.934489 0 0 0 
13 0.575247 0
21 125.143 0
20 2.28632 1
1 0 0 0 0 0 0 0 0 
18 38.2604 1
0.00960497 0.815833 0 0 0 0.174562 0 0 0 
37 0.467829 0
13 0.606959 1
0.0214688 0.328236 0 0 0 0.650295 0 0 0 
4 0.108066 1
0 1 0 0 0 0 0 0 0 
2 4398.47 0
23 403.772 0
0 156.358 0
18 109.388 1
0 1 0 0 0 0 0 0 0 
15 2.33333 0
35 0.280181 0
40 0.517156 1
0.0167453 0.0546173 0 0 0.0107153 0.00405775 0 0 0.913864 
22 22.7303 1
0 0 0 0 0 0.394934 0.605066 0 0 
14 0.335683 0
45 0 1
0 1 0 0 0 0 0 0 0 
24 7.07655 1
0.2274 0.7726 0 0 0 0 0 0 0 
40 0.108507 1
0 0.363667 0 0 0 0 0 0 0.636333 
23 803.477 1
0 1 0 0 0 0 0 0 0 
21 383.122 0
0 319.738 0
23 207.08 1
0 1 0 0 0 0 0 0 0 
14 17.0966 0
0 2284.05 0
23 284.24 0
10 126.5 0
2 1689.16 1
0 0.156233 0 0 0 0.843767 0 0 0 
17 1.11304 1
0 1 0 0 0 0 0 0 0 
11 0.0477302 1
0 1 0 0 0 0 0 0 0 
48 0 1
0 1 0 0 0 0 0 0 0 
14 105.213 0
2 1967.75 0
43 0.793101 0
36 0 1
0 0.00271509 0 0 0 0.997285 0 0 0 
5 0.0754711 1
0 0.0431761 0 0 0 0.956824 0 0 0 
7 7.90765 1
0 0.50695 0 0 0 0.49305 0 0 0 
11 0.0360152 1
0 0 0 0 0 1 0 0 0 
10 57.9579 1
0 0 0 0 0 0 0 0 1 
31 0.057182 0
12 0.916623 1
1 0 0 0 0 0 0 0 0 
3 1156.21 0
8 2.27832 0
23 470.312 0
25 268.98 0
0 2174.42 0
7 6.97876 0
1 8300 1
0 1 0 0 0 0 0 0 0 
23 80.3765 1
0 0.0134752 0 0 0.986525 0 0 0 0 
8 0.135487 1
0 0 0 0 1 0 0 0 0 
9 1.06 1
0 1 0 0 0 0 0 0 0 
33 0 1
0 1 0 0 0 0 0 0 0 
17 2.54545 1
0 1 0 0 0 0 0 0 0 
43 1 1
0 1 0 0 0 0 0 0 0 
45 0.589935 0
14 1101.01 0
16 528.821 0
24 336.695 0
12 1.30995 0
5 0 1
0 0 0 1 0 0 0 0 0 
0 2294.02 0
24 9.60856 0
19 36.9244 0
30 1 1
0 0 0 0.210917 0 0.789083 0 0 0 
11 0.112787 0
16 33.4375 1
0 0 0.985956 0.00247408 0 0.01157 0 0 0 
29 0.667754 1
0 0 0.867639 0 0 0.132361 0 0 0 
18 111.613 1
0 0 0.886231 0.0867298 0 0.0270394 0 0 0 
44 0 1
0 0 0 1 0 0 0 0 0 
25 265.13 1
0 0 0 0 0 1 0 0 0 
12 2.40677 1
0 0 0 1 0 0 0 0 0 
38 0 1
0 0 0 0 0 1 0 0 0 
25 240.67 0
22 19.2691 0
43 0.544369 0
22 18.6029 1
0 0 0 1 0 0 0 0 0 
7 51.4637 1
0 0 0.125427 0.874573 0 0 0 0 0 
19 90.8654 0
2 360.282 0
46 0 1
0 0 0 1 0 0 0 0 0 
1 1249.07 0
5 0.0502393 1
0 0 0.449783 0.550217 0 0 0 0 0 
10 51.9769 0
34 0 1
0 0 0 1 0 0 0 0 0 
15 1.87747 0
16 382.147 1
0 0 0.671448 0.328552 0 0 0 0 0 
18 110.424 1
0 0 0.944538 0.0554616 0 0 0 0 0 
42 0 1
0 0 0 1 0 0 0 0 0 
16 251.186 0
21 235.403 0
24 9.6432 0
18 61.6487 0
0 1475.98 1
0 0 0.973535 0.0264649 0 0 0 0 0 
23 189.07 0
6 181.067 0
13 0.178168 0
30 1 1
0 0 0 1 0 0 0 0 0 
3 1906.81 1
0 0 0.777728 0.222272 0 0 0 0 0 
5 0.058843 1
0 0 0 1 0 0 0 0 0 
19 79.2135 1
0 0 0 1 0 0 0 0 0 
19 83.1489 0
42 0.375627 1
0 0 0.0669094 0.933091 0 0 0 0 0 
11 0.0831643 1
0 0 0.91086 0.0891401 0 0 0 0 0 
35 0.624043 0
25 243.99 1
0 0 0.0579044 0.942096 0 0 0 0 0 
13 0.64103 1
0 0 1 0 0 0 0 0 0 
2 430.708 0
19 156.001 1
0 0 0.0272329 0.972767 0 0 0 0 0 
21 221.48 0
16 487.874 0
19 84.7755 0
18 67.6527 0
15 2.01898 1
0 0 0.859767 0.140233 0 0 0 0 0 
14 44.0818 1
0 0 0.136435 0.801124 0 0.0624409 0 0 0 
8 13.2498 1
0 0 0.901927 0.0980732 0 0 0 0 0 
15 2.76018 1
0 0 0 1 0 0 0 0 0 
45 1 1
0 0 0.0358262 0.964174 0 0 0 0 0 
31 0.954745 0
1 6616 0
20 133.272 0
25 257.945 0
43 0.480617 0
3 1642.91 0
5 0.0823786 1
0 0.93136 0 0 0 0 0 0.0686397 0 
3 1995.68 0
0 162.642 0
1 4877.58 0
1 4144.68 0
0 144.129 0
7 7.28231 1
0 0.910528 0 0 0 0 0 0.0894724 0 
43 0 1
0 0 0 0 0 0 0 1 0 
25 238.18 0
42 0 1
0 0 0 0 0 0 0 1 0 
12 1.72193 1
0 0.0731203 0 0 0 0 0 0.92688 0 
18 41.2242 1
0 1 0 0 0 0 0 0 0 
46 0.66638 0
27 0 1
0 1 0 0 0 0 0 0 0 
5 0.0783639 0
30 0.425756 1
0 0 0 0 0 0 0 1 0 
21 180.961 0
45 0 1
0 0 0 0 0 0 0 1 0 
8 0.194712 1
0 0.220385 0 0 0 0 0 0.779615 0 
20 2.1287 1
0 1 0 0 0 0 0 0 0 
44 0.57846 1
0 1 0 0 0 0 0 0 0 
2 4036.87 1
0 0.668811 0 0 0 0.0218813 0 0.309307 0 
2 3244.65 0
12 3.36552 0
8 0.250333 1
0 0.702422 0 0.297578 0 0 0 0 0 
45 0.0973731 0
17 1.11929 0
52 0.885025 1
0 0.00752181 0 0 0 0.992478 0 0 0 
11 0.0104021 1
0 0.219004 0 0 0 0.780996 0 0 0 
10 64.05 1
0 1 0 0 0 0 0 0 0 
28 0.20657 0
1 4644.9 0
1 3701.54 0
25 264.283 1
0 0.474952 0 0 0 0 0 0.525048 0 
7 8.37715 1
0 1 0 0 0 0 0 0 0 
46 1 1
0 0.00119009 0 0 0 0 0 0.99881 0 
41 0 1
0 0.00562191 0 0 0 0 0 0.994378 0 
22 10.9954 0
0 2043.53 0
12 2.61829 0
41 0.390728 0
21 208.364 0
42 0.342171 1
1 0 0 0 0 0 0 0 0 
24 9.28435 1
0.854791 0.145209 0 0 0 0 0 0 0 
5 0.0174083 0
7 7.72655 0
51 0 1
1 0 0 0 0 0 0 0 0 
18 11.4042 1
0.430799 0.569201 0 0 0 0 0 0 0 
15 2.02978 1
1 0 0 0 0 0 0 0 0 
12 3.1567 1
0.272517 0.727483 0 0 0 0 0 0 0 
3 1000 1
0 1 0 0 0 0 0 0 0 
23 9.97885 0
18 24.6683 1
1 0 0 0 0 0 0 0 0 
17 1.04394 0
11 0 1
0 1 0 0 0 0 0 0 0 
7 15.7844 1
0.260654 0 0.739346 0 0 0 0 0 0 
7 17.3406 0
1 4459.35 0
3 1523.21 0
21 140.476 0
2 1623.91 0
26 0.731827 1
0 1 0 0 0 0 0 0 0 
0 2022.53 0
1 3738.13 0
23 254.426 1
0 0.887027 0 0 0 0.112973 0 0 0 
21 138.582 1
0 0.528672 0 0 0 0.471328 0 0 0 
21 136.201 0
14 0.376725 1
0 1 0 0 0 0 0 0 0 
49 0.167923 0
0 2138.78 1
0 0.267969 0 0 0 0 0.732031 0 0 
51 0 1
0 0 0 0 0 1 0 0 0 
0 417.683 0
24 9.53939 0
5 0.00628065 1
0 0.70409 0 0 0 0 0.29591 0 0 
1 2600.78 1
0 0.0922986 0 0 0 0 0.907701 0 0 
35 0.61384 0
28 0.111436 0
12 3.16585 1
0 0.914917 0 0.0850832 0 0 0 0 0 
7 7.27575 0
12 1.85622 1
0 1 0 0 0 0 0 0 0 
21 152.391 0
6 1.00056 1
0 0.638195 0 0.0935892 0 0 0.268216 0 0 
19 50.5654 0
8 0.202575 1
0 0.320029 0 0 0 0 0.679971 0 0 
25 295.808 1
0 0.0564877 0 0.00586061 0 0.00548143 0.00629845 0 0.925872 
33 0 1
0 0.0138838 0 0 0 0 0.986116 0 0 
9 7.42198 0
9 1.1802 0
33 0.656148 0
19 34.2775 0
13 0.42971 0
19 14.0659 1
0 0.154714 0 0 0 0 0.845286 0 0 
2 3253.77 1
0 1 0 0 0 0 0 0 0 
2 1479.61 0
30 0.320161 1
0 1 0 0 0 0 0 0 0 
4 0.0351619 1
0 0.0713234 0 0.0194245 0 0 0 0 0.909252 
39 0 1
0 0 0 1 0 0 0 0 0 
8 12.2106 0
3 1804.24 0
20 2.32626 1
0 0.924603 0 0 0 0 0.0753973 0 0 
1 1510.07 0
2 813.697 0
46 0 1
0 1 0 0 0 0 0 0 0 
7 7.61113 1
0 0.0179741 0 0 0 0 0.982026 0 0 
49 0 1
0 1 0 0 0 0 0 0 0 
23 70.509 1
0 0.0803958 0 0.919604 0 0 0 0 0 
45 0.0193382 0
43 1 1
0 1 0 0 0 0 0 0 0 
10 110.685 0
0 1055.22 0
43 0.231862 0
16 607.032 1
0 0 0 0 0 0 1 0 0 
17 4.05971 0
5 0.088239 1
0 0.0273874 0 0 0 0 0.972613 0 0 
13 0.599253 1
0 1 0 0 0 0 0 0 0 
26 0.22462 0
2 795.376 0
42 0 1
0 0.887265 0 0 0 0 0.112735 0 0 
35 0.395943 0
16 319.25 1
0 0.0760963 0 0 0 0 0.923904 0 0 
42 0 1
0 0 0 0 0 0 1 0 0 
47 0 1
0 1 0 0 0 0 0 0 0 
18 74.8645 1
0 0.125017 0.243537 0.119167 0 0 0.512279 0 0 
1 5610.44 0
36 0.905157 0
2 3978.89 0
2 1510.98 0
0 172.378 0
35 0 1
0 1 0 0 0 0 0 0 0 
14 14.5737 0
19 146.77 0
25 299.522 0
21 207.566 1
0 0.160648 0 0 0 0.839352 0 0 0 
10 119.449 1
0 0.0168786 0 0 0 0.983121 0 0 0 
52 1 1
0 0.875162 0 0 0 0.124838 0 0 0 
2 1105.95 0
12 140.607 1
0 0 0 0 0 1 0 0 0 
9 0.437326 0
16 524.978 1
0 0.0174023 0 0 0 0.982598 0 0 0 
17 1.23367 1
0 0 0 0 0 1 0 0 0 
7 7.42609 0
45 0 1
0 1 0 0 0 0 0 0 0 
20 247.352 0
21 207.523 0
2 2778.67 0
0 2176.49 1
0 0.306253 0 0 0 0.693747 0 0 0 
28 0.475762 1
0 1 0 0 0 0 0 0 0 
5 0.0160339 1
0 1 0 0 0 0 0 0 0 
48 0 1
0 1 0 0 0 0 0 0 0 
14 139.377 1
0 0.979335 0 0 0 0.0206653 0 0 0 
16 193.665 1
0 0 0 0 0 0 0 0 1 
48 0.812464 0
2 1767.84 0
2 1532.72 0
21 134.872 0
19 75.3246 1
0 1 0 0 0 0 0 0 0 
23 25.1405 1
0 0.0248587 0 0 0 0.975141 0 0 0 
48 0 1
0 1 0 0 0 0 0 0 0 
42 0.678508 0
44 0.642732 0
16 108.967 0
0 356.788 0
1 7220 1
0 1 0 0 0 0 0 0 0 
16 12.7483 1
0.165064 0.098967 0 0 0 0 0 0 0.735969 
22 18.5637 1
0 1 0 0 0 0 0 0 0 
1 6250.83 1
0.880358 0.119642 0 0 0 0 0 0 0 
40 0.130175 0
34 0.460231 0
10 178.595 0
44 0.811217 0
7 8.15407 1
0.00104259 0.028338 0 0 0 0.0126321 0.00967664 0 0.948311 
6 1.1698 1
0.746405 0.253595 0 0 0 0 0 0 0 
45 0 1
0 1 0 0 0 0 0 0 0 
43 1 1
0 0 0 0 1 0 0 0 0 
10 43.4823 1
0 1 0 0 0 0 0 0 0 
22 14.4089 0
25 244.211 0
26 0.751053 1
0 1 0 0 0 0 0 0 0 
7 7.77138 0
10 59.7256 0
32 0 1
0 1 0 0 0 0 0 0 0 
12 0.738878 1
0 0.175176 0 0 0.824824 0 0 0 0 
6 57.0094 1
0 0.261868 0 0 0.0704581 0 0 0 0.667674 
18 58.7617 0
50 0 1
0 1 0 0 0 0 0 0 0 
25 267.268 0
24 74.5936 0
30 0.205264 0
23 49.9611 0
7 7.8905 1
0 0.00230316 0 0 0.997697 0 0 0 0 
43 0 1
0 1 0 0 0 0 0 0 0 
34 0.0859595 0
17 2.20519 1
0 0.838796 0 0 0.161204 0 0 0 0 
36 0 1
0 0 0 0 1 0 0 0 0 
38 0 1
0 0.175176 0 0 0.824824 0 0 0 0 
24 9.24487 1
0 0.280246 0 0 0.719754 0 0 0 0 
45 0.644178 0
18 127.354 0
19 33.9842 0
4 0.122078 1
0 0 0 0.210917 0 0.789083 0 0 0 
14 16.8281 0
12 2.00395 0
5 0.000298399 1
0 0 0.605171 0.394829 0 0 0 0 0 
30 0.639313 0
44 0 1
0 0 0.993155 0.00684464 0 0 0 0 0 
0 889.476 0
20 285.312 1
0 0 0.981288 0 0 0.0187123 0 0 0 
29 0 1
0 0 0 1 0 0 0 0 0 
2 818.64 0
23 10.5657 1
0 0 0.867639 0 0 0.132361 0 0 0 
18 105.908 1
0 0 0.995741 0 0 0.00425898 0 0 0 
19 67.0154 1
0 0 0.225609 0 0 0.774391 0 0 0 
1 1055.88 0
9 7.34782 0
25 264.432 0
21 218.937 0
20 43.0649 0
21 200.066 0
2 2209.49 1
0 0 0.107314 0.892686 0 0 0 0 0 
23 224.558 0
2 1620.88 0
7 73.3791 1
0 0 0.84424 0.15576 0 0 0 0 0 
8 0.27421 1
0 0 0 1 0 0 0 0 0 
42 0 1
0 0 0 1 0 0 0 0 0 
52 0 1
0 0 0 1 0 0 0 0 0 
11 0.0404203 1
0 0 0.118174 0.881826 0 0 0 0 0 
18 73.0655 0
2 1201.54 1
0 0 0.993518 0.00648196 0 0 0 0 0 
23 27.0845 0
20 223.902 0
19 21.6921 1
0 0 0.9822 0.0178003 0 0 0 0 0 
7 73.6903 0
3 1599.91 1
0 0 0 1 0 0 0 0 0 
2 916.853 1
0 0 0.877343 0.122657 0 0 0 0 0 
7 74.9247 1
0 0 0.169688 0.830312 0 0 0 0 0 
9 37.9318 0
7 55.8012 0
9 12.2193 0
0 2178.85 1
0 0 0.803433 0.196567 0 0 0 0 0 
24 7.81883 1
0 0 0 1 0 0 0 0 0 
9 21.4823 0
1 -210.144 1
0 0 0 1 0 0 0 0 0 
6 1.20339 1
0 0 0.505398 0.494602 0 0 0 0 0 
12 2.02545 1
0 0 1 0 0 0 0 0 0 
2 782.865 0
43 0.546257 0
17 2.04838 0
42 0 1
0 0 0 1 0 0 0 0 0 
0 2215.77 1
0 0 0.203478 0.796522 0 0 0 0 0 
10 120.073 0
4 0.22826 0
20 5.21929 1
0 0 0.138144 0.861856 0 0 0 0 0 
19 79.2488 1
0 0 0.754027 0.245973 0 0 0 0 0 
33 1 1
0 0 1 0 0 0 0 0 0 
22 4.6074 0
16 309.48 1
0 0.0183332 0.142854 0.838813 0 0 0 0 0 
19 88.2805 0
14 0.238753 0
26 0 1
0 0 0.891004 0.108996 0 0 0 0 0 
0 2308.42 0
30 0.234906 1
0 0 1 0 0 0 0 0 0 
9 18.9703 1
0 0 0.859767 0.140233 0 0 0 0 0 
8 0.186895 1
0 0 0.290142 0.709858 0 0 0 0 0 
18 20.0101 0
46 0.131362 0
16 365.673 0
1 6876.29 0
13 0.570029 1
0 0.77322 0 0.22678 0 0 0 0 0 
19 120.577 0
16 2.9923 0
39 0.147938 1
0.999687 0.000312697 0 0 0 0 0 0 0 
21 197.084 0
41 0.903081 0
53 0 1
1 0 0 0 0 0 0 0 0 
25 235.355 1
0.578689 0.421311 0 0 0 0 0 0 0 
12 1.94984 1
0.370539 0.629461 0 0 0 0 0 0 0 
18 11.5052 0
50 0 1
0.985925 0.0140745 0 0 0 0 0 0 0 
21 147.921 1
0.164033 0.835967 0 0 0 0 0 0 0 
28 0.816306 0
35 0 1
1 0 0 0 0 0 0 0 0 
7 8.00753 0
20 250.538 0
20 163.231 1
0 1 0 0 0 0 0 0 0 
25 238.123 1
0.638465 0.361535 0 0 0 0 0 0 0 
2 4380 1
1 0 0 0 0 0 0 0 0 
25 257.105 0
25 252.789 0
1 4911.29 0
3 1221.48 0
19 78.4074 1
0 1 0 0 0 0 0 0 0 
3 1984.93 0
14 0.465283 0
14 0.274646 0
35 0 1
0 0.000623622 0 0 0 0 0 0.999376 0 
19 79.9793 0
11 0.00848068 0
5 0.0736349 1
0 0.0145552 0 0 0 0 0 0.985445 0 
26 0 1
0 0.00218234 0 0 0 0 0 0.997818 0 
19 81.7383 0
1 4499.33 1
0 0.0141112 0 0 0 0 0 0.985889 0 
15 1.89476 1
0 0.195042 0 0 0 0 0 0.804958 0 
18 11.7455 1
0 0.158572 0 0 0 0 0 0.841428 0 
33 0 1
0 1 0 0 0 0 0 0 0 
19 76.1491 1
0 1 0 0 0 0 0 0 0 
2 3977.43 1
0 0.208044 0 0 0 0 0 0.791956 0 
3 1789.46 0
46 1 1
0 0 0 0 0 0 0 1 0 
16 8.19641 0
2 6081.68 1
0 0.997879 0 0 0 0 0 0.00212142 0 
3 1829.18 1
0 0.567409 0 0 0 0 0 0.432591 0 
7 12.5488 0
1 4041.91 0
43 0.381241 0
1 1820.91 0
9 10.9449 0
9 6.05762 0
9 1.38145 0
44 0 1
0 0.869682 0 0 0 0 0.00751835 0 0.1228 
3 1730.22 0
9 1.46083 1
0 1 0 0 0 0 0 0 0 
3 1780.42 0
22 0 1
0 1 0 0 0 0 0 0 0 
16 373.832 1
0 0.115621 0 0 0 0 0.884379 0 0 
13 0.44827 1
0 0 0 0 0 0 1 0 0 
26 0.863361 0
9 19.2905 0
1 967.884 0
39 0 1
0 0.920198 0 0 0 0 0.0798024 0 0 
0 1137.65 1
0 0.0364868 0 0 0 0 0.963513 0 0 
42 0 1
0 0 0 0 0 0 1 0 0 
27 0 1
0 1 0 0 0 0 0 0 0 
20 242.61 1
0 0.149342 0 0 0 0 0 0 0.850658 
14 5.9707 0
35 0.191979 0
7 7.65563 0
7 7.29246 0
3 1696.06 0
32 0.604255 1
0 1 0 0 0 0 0 0 0 
18 99.2185 1
0 0.0575021 0 0 0 0 0.942498 0 0 
15 2.82846 0
10 37.5468 1
0 0.887253 0 0.0463416 0 0 0.0664049 0 0 
20 2.32218 1
0 0.219004 0 0 0 0.780996 0 0 0 
2 593.965 0
46 0 1
0 1 0 0 0 0 0 0 0 
8 13.3574 0
19 119.616 0
3 1701.21 0
25 235.588 1
0 0.0679487 0 0.0047977 0 0.00299153 0.0252077 0.000741881 0.898313 
24 7.58755 1
0 0.36637 0 0.0776058 0 0 0.556024 0 0 
52 0 1
0 0.915111 0.0848886 0 0 0 0 0 0 
12 2.3075 0
15 2.49897 1
0 0.135968 0 0.864032 0 0 0 0 0 
6 1.03055 1
0 1 0 0 0 0 0 0 0 
17 4.59314 0
9 36.0548 0
2 1606.24 0
24 7.81526 1
0 0.0437556 0 0 0 0 0.956244 0 0 
26 0 1
0 1 0 0 0 0 0 0 0 
8 0.192765 1
0 0.00455493 0 0 0 0 0.995445 0 0 
29 0 1
0 1 0 0 0 0 0 0 0 
22 29.056 0
16 152.071 1
0 1 0 0 0 0 0 0 0 
11 0.00533112 1
0 0.122967 0 0 0 0.877033 0 0 0 
1 6049.41 0
52 0.97069 0
25 246.106 0
15 3.53346 1
0 0.97463 0 0 0 0.0253697 0 0 0 
17 2.04039 0
0 1643.05 0
7 7.71033 0
46 0.704476 1
0 1 0 0 0 0 0 0 0 
7 8.40943 0
5 0.00469309 0
17 1.07109 1
0 0.0607262 0 0 0 0.0360929 0 0 0.903181 
19 145.118 1
0 0.0366828 0 0 0 0.0280319 0 0 0.935285 
53 0 1
0 0 0 0 0 1 0 0 0 
6 1.23864 0
0 2224.85 0
40 0.667008 0
43 0.956855 1
0 0.0567257 0 0 0.0763129 0.866961 0 0 0 
1 4259.14 1
0 0.296084 0 0 0 0.703916 0 0 0 
0 2259.59 1
0 1 0 0 0 0 0 0 0 
32 0 1
0 1 0 0 0 0 0 0 0 
28 0.906472 1
0 1 0 0 0 0 0 0 0 
36 0.832319 0
0 372.012 0
10 47.7591 1
0 1 0 0 0 0 0 0 0 
23 509.708 0
0 2236.51 0
14 71.0246 0
23 144.216 0
53 0.753944 1
0 0.107853 0 0 0 0.892147 0 0 0 
10 57.1536 1
0 1 0 0 0 0 0 0 0 
32 0.904878 1
0 0 0 0 0 1 0 0 0 
0 2302.01 1
0 1 0 0 0 0 0 0 0 
12 0.560151 1
0 1 0 0 0 0 0 0 0 
48 0 1
0 0 0 0 0 0 0 0 1 
21 278.918 0
22 19.876 0
28 0.401284 0
25 233.53 0
34 0 1
0 1 0 0 0 0 0 0 0 
24 9.88502 1
0.926148 0.0197901 0 0 0 0 0.0540622 0 0 
26 0.176287 0
2 1142.21 1
0 0.969735 0 0 0.0219522 0.00831302 0 0 0 
0 1266.51 1
0 0.679877 0 0 0.320123 0 0 0 0 
31 0.33531 0
0 1617.87 1
1 0 0 0 0 0 0 0 0 
1 8159.82 0
12 2.58046 1
0 1 0 0 0 0 0 0 0 
21 197.009 0
25 269.24 0
24 104.305 0
15 6.99671 1
0 0.0154299 0 0 0.98457 0 0 0 0 
24 195.725 1
0 1 0 0 0 0 0 0 0 
33 0 1
0 1 0 0 0 0 0 0 0 
31 1 1
0 0.241603 0 0 0.758397 0 0 0 0 
43 0 1
0 0 0 0 0 0 0 0 1 
25 246.047 0
2 1446.46 0
43 0.637483 0
17 1.10398 0
6 297.484 1
0 0 0.0168836 0.983116 0 0 0 0 0 
2 745.07 0
26 0 1
0 0 0 1 0 0 0 0 0 
19 82.6626 1
0 0 0.127381 0.872619 0 0 0 0 0 
9 1.22046 0
53 0 1
0 0 0 1 0 0 0 0 0 
25 238.578 0
7 66.1894 0
9 11.7185 1
0 0 0.754027 0.245973 0 0 0 0 0 
2 833.35 1
0 0 0 1 0 0 0 0 0 
13 0.820249 1
0 0 1 0 0 0 0 0 0 
18 81.3758 0
25 237.019 0
1 1227.27 1
0 0 0 1 0 0 0 0 0 
1 -273.765 1
0 0 0.405194 0.594806 0 0 0 0 0 
24 10.7053 1
0 0 0.95182 0.0481803 0 0 0 0 0 
45 0.322461 0
18 174.095 0
10 27.8106 0
0 1298.53 1
0 0 0 0.210917 0 0.789083 0 0 0 
26 0.492095 0
11 0.0729534 0
32 0.718581 0
19 81.6561 0
22 24.3814 1
0 0 0.991596 0 0 0.00840395 0 0 0 
23 86.9929 0
53 0.616601 1
0 0 0.951016 0.0489842 0 0 0 0 0 
46 0 1
0 0 0 1 0 0 0 0 0 
23 666.81 1
0 0 0.671448 0.328552 0 0 0 0 0 
10 56.9827 1
0 0 0.754027 0.245973 0 0 0 0 0 
10 53.8062 1
0 0 0.993008 0 0 0.00699169 0 0 0 
16 262.397 1
0 0 0.225609 0 0 0.774391 0 0 0 
1 1044.74 0
18 71.8697 0
15 2.13568 1
0 0 0.980803 0.019197 0 0 0 0 0 
0 2331.95 0
3 1009.44 0
16 411.628 0
24 8.43252 0
15 2.33153 1
0 0 0 1 0 0 0 0 0 
20 213.612 0
25 274.934 1
0 0 0.849937 0.150063 0 0 0 0 0 
14 26.073 1
0 0 0.486875 0.513125 0 0 0 0 0 
9 9.11581 1
0 0 0.198536 0.801464 0 0 0 0 0 
22 26.3877 0
20 227.075 0
8 0.141895 1
0 0 0.963726 0.0362745 0 0 0 0 0 
9 0.134201 1
0 0 0 1 0 0 0 0 0 
6 1.20207 0
53 0 1
0 0 0.107314 0.892686 0 0 0 0 0 
5 0.0022612 1
0 0 0.405194 0.594806 0 0 0 0 0 
48 0 1
0 0 0 1 0 0 0 0 0 
23 14.6685 0
2 695.255 0
18 80.4633 1
0 0 0 1 0 0 0 0 0 
26 0.537635 0
39 0.708748 0
0 820.281 1
0 0.019711 0.15359 0.826699 0 0 0 0 0 
10 50.9025 1
0 0 0.671448 0.328552 0 0 0 0 0 
47 0 1
0 0 1 0 0 0 0 0 0 
17 3.37827 0
18 75.0835 0
10 51.5235 1
0 0 0.938753 0.0612466 0 0 0 0 0 
33 1 1
0 0 0 1 0 0 0 0 0 
21 213.48 1
0 0 0 1 0 0 0 0 0 
