10 5 10 50 5 1
18 33.7568 0
47 0.450067 0
25 255.212 0
2 3860.37 0
2 1865.41 1
0 1 0 0 0 0 0 0 0 0 
0 206.657 0
3 1976.72 0
1 4786.77 0
3 1697.58 0
45 0 1
0 1 0 0 0 0 0 0 0 0 
1 4212.04 0
2 4140.24 1
0 0.228802 0 0 0 0 0 0.771198 0 0 
52 0 1
0 0 0 0 0 0 0 1 0 0 
3 1420.48 1
0 1 0 0 0 0 0 0 0 0 
38 0 1
0 1 0 0 0 0 0 0 0 0 
3 1534.47 0
3 1476.16 1
0 0.816522 0 0 0 0 0 0.183478 0 0 
44 0.796557 0
33 0 1
0 0.000374708 0 0 0 0 0 0.999625 0 0 
0 772.204 1
0 0.625306 0 0 0 0 0 0.374694 0 0 
2 4406.73 0
21 144.577 0
2 3474.28 1
0 0 0 0 0 0.956443 0 0.0435569 0 0 
47 0 1
0.000664458 0.999336 0 0 0 0 0 0 0 0 
47 0 1
0 0 0 0 0 0 0 1 0 0 
7 7.22075 0
5 0.0441575 1
0 1 0 0 0 0 0 0 0 0 
41 0.879561 0
16 385.32 0
21 164.817 0
0 863.775 1
1 0 0 0 0 0 0 0 0 0 
24 9.13257 0
3 1000 1
1 0 0 0 0 0 0 0 0 0 
0 1841.67 0
41 0 1
1 0 0 0 0 0 0 0 0 0 
9 0.0380219 1
0.272727 0.727273 0 0 0 0 0 0 0 0 
23 10.2181 0
13 0.642017 1
1 0 0 0 0 0 0 0 0 0 
30 0.580688 0
0 1448.62 1
0.890411 0.109589 0 0 0 0 0 0 0 0 
36 0 1
0 1 0 0 0 0 0 0 0 0 
10 98.0161 0
28 0.823887 0
7 7.80213 0
13 0.373581 1
0.882353 0.117647 0 0 0 0 0 0 0 0 
16 4.67496 1
1 0 0 0 0 0 0 0 0 0 
50 0 1
0 1 0 0 0 0 0 0 0 0 
24 8.68167 1
0.529412 0.470588 0 0 0 0 0 0 0 0 
33 0.519738 0
1 3915 0
49 0.305197 0
2 1799.85 0
3 1736.97 0
44 0.246792 1
0 0.671703 0 0 0 0 0.010149 0 0.318148 0 
2 602.167 1
0 0.525894 0 0 0 0 0.474106 0 0 0 
10 104.146 0
26 0.752807 0
14 13.2923 0
19 51.9052 0
50 0 1
0 1 0 0 0 0 0 0 0 0 
10 82.237 0
5 0.0511003 0
19 62.6412 1
0 0.0294736 0 0 0 0 0.00559394 0.000464765 0.964468 0 
21 157.001 1
0 1 0 0 0 0 0 0 0 0 
29 0 1
0 0.0846145 0 0 0 0 0.915386 0 0 0 
20 2.34553 0
13 0.605439 1
0 0.0595611 0 0 0 0.940439 0 0 0 0 
3 1000 1
0 1 0 0 0 0 0 0 0 0 
51 0.603995 1
0 1 0 0 0 0 0 0 0 0 
20 2.23599 1
0 1 0 0 0 0 0 0 0 0 
21 682.188 0
21 143.93 0
10 88.1536 0
24 636.062 1
0 0.989505 0 0 0 0 0.0104948 0 0 0 
3 1661.19 0
5 0.0689168 1
0 1 0 0 0 0 0 0 0 0 
0 2130.48 0
28 1 1
0 1 0 0 0 0 0 0 0 0 
0 2143.61 1
0 0.0998476 0 0 0 0 0.900152 0 0 0 
26 0.363763 0
10 139.379 0
25 274.326 0
24 147.777 0
3 1182.27 0
21 166.101 1
0 0.593854 0 0 0 0 0.406146 0 0 0 
9 35.2995 1
0 0.0703859 0 0 0 0 0.929614 0 0 0 
8 0.142643 1
0 1 0 0 0 0 0 0 0 0 
37 0 1
0 1 0 0 0 0 0 0 0 0 
7 7.67166 1
0 0.693071 0 0.306929 0 0 0 0 0 0 
0 2206.1 1
0 1 0 0 0 0 0 0 0 0 
17 1.15596 1
0 0 0 0 0 0 0 0 1 0 
1 6407.18 0
36 0.420096 0
0 2197.25 0
46 0.703096 0
14 103.827 0
0 679.17 0
9 0.177903 1
0 1 0 0 0 0 0 0 0 0 
23 164.97 0
0 2156.25 0
25 243.174 1
0 0.109986 0 0 0 0.890014 0 0 0 0 
36 0 1
0 1 0 0 0 0 0 0 0 0 
8 0.220867 1
0 0.292196 0 0 0 0 0 0 0.707804 0 
12 150.501 1
0 0 0 0 0 1 0 0 0 0 
18 44.7548 0
17 2.03467 0
29 0 1
0 0 0 0 0 0 0 1 0 0 
8 0.100242 1
0 0.847627 0 0 0 0 0 0.152374 0 0 
22 86.5694 1
0 1 0 0 0 0 0 0 0 0 
0 2269.6 1
0 0.974046 0 0 0 0 0.0259545 0 0 0 
49 0 1
0 0 0 0 0 0 0 0 1 0 
22 28.6372 0
28 0.762676 0
12 1.85205 1
0.473802 0.526198 0 0 0 0 0 0 0 0 
35 0 1
0 0.980392 0 0 0.0196078 0 0 0 0 0 
6 44.1899 0
23 194.73 0
31 0.428991 0
9 0.105323 1
1 0 0 0 0 0 0 0 0 0 
22 30.5106 0
26 0 1
0 1 0 0 0 0 0 0 0 0 
8 4.81811 0
18 66.7486 0
12 2.21834 1
0 1 0 0 0 0 0 0 0 0 
0 2196.84 1
0 0.00891715 0 0 0.991083 0 0 0 0 0 
37 0 1
0 1 0 0 0 0 0 0 0 0 
29 0 1
0 1 0 0 0 0 0 0 0 0 
10 48.755 1
0 0 0 0 0 0 0 0 1 0 
25 254.089 0
2 897.904 0
43 0.654236 0
22 10.4421 1
0 0 0 1 0 0 0 0 0 0 
11 0.0329737 0
9 19.1027 1
0 0 0 1 0 0 0 0 0 0 
19 85.7736 1
0 0 0.410904 0.589096 0 0 0 0 0 0 
22 24.192 0
43 0.505279 0
47 0 1
0 0 0 1 0 0 0 0 0 0 
2 1928.2 0
38 0 1
0 0 0 1 0 0 0 0 0 0 
21 204.788 1
0 0 0.363339 0.636661 0 0 0 0 0 0 
24 8.62474 0
29 0 1
0 0 0.676642 0.323358 0 0 0 0 0 0 
20 2.55284 1
0 0 0.97874 0.0212602 0 0 0 0 0 0 
49 0.287934 0
25 290.254 0
26 0.236231 0
24 9.53071 0
0 2316.15 0
11 0.0725848 0
15 5.58932 1
0 0 0.988194 0.0118061 0 0 0 0 0 0 
6 1.12035 1
0 0 0.80714 0.19286 0 0 0 0 0 0 
13 0.54 1
0 0 0 1 0 0 0 0 0 0 
43 0.219608 1
0 0 0.481871 0.518129 0 0 0 0 0 0 
8 0.124241 1
0 0 1 0 0 0 0 0 0 0 
2 880.569 0
27 0.330729 1
0 0 0 0 0 1 0 0 0 0 
19 28.0212 0
23 10.7208 1
0 0 0 0 0 1 0 0 0 0 
24 257.238 0
2 893.626 0
30 1 1
0 0 0 0 0 1 0 0 0 0 
7 68.6756 1
0 0 0.928767 0.00837441 0 0.062859 0 0 0 0 
8 0.160083 1
0 0 0 0 0 1 0 0 0 0 
18 60.9974 0
15 2.19682 1
0 0 0.980207 0.0197927 0 0 0 0 0 0 
24 9.66056 0
16 276.244 0
23 448.333 0
34 0.907495 0
17 3.55038 0
6 173.518 0
24 8.5117 1
0 0 0.75285 0.24715 0 0 0 0 0 0 
0 756.556 1
0 0 0.309585 0.690415 0 0 0 0 0 0 
42 0 1
0 0 0 1 0 0 0 0 0 0 
34 1 1
0 0 0 1 0 0 0 0 0 0 
41 0 1
0 0 0 1 0 0 0 0 0 0 
13 0.67036 0
18 138.313 1
0 0 0.0278892 0.959606 0 0.012505 0 0 0 0 
21 246.459 0
43 0.839629 1
0 0 0.599147 0.400853 0 0 0 0 0 0 
12 2.05382 1
0 0 0 1 0 0 0 0 0 0 
15 2.15845 1
0 0 0.034834 0.95996 0 0.0052063 0 0 0 0 
18 52.1779 0
47 0.429924 0
21 144.723 0
3 1670.18 0
52 0.117044 0
8 0.220628 0
1 3937.51 1
0 0.895978 0 0 0 0.104022 0 0 0 0 
43 0.664455 1
0 0.526642 0 0 0 0 0 0.473358 0 0 
39 0 1
0 0 0 0 0 1 0 0 0 0 
0 147.91 0
1 4631.89 0
1 4250.97 0
2 4141.33 1
0 0.649648 0 0 0 0 0 0.350352 0 0 
20 2.39796 1
0 0 0 0 0 0 0 1 0 0 
20 2.00629 1
0 1 0 0 0 0 0 0 0 0 
20 295.995 0
2 4391.78 1
0 0.000404403 0 0 0 0 0 0.999596 0 0 
9 0.200016 1
0 0.270528 0 0 0 0 0 0.729472 0 0 
7 7.57411 0
1 4680.58 0
6 7.1592 0
10 63.5158 0
30 1 1
0 0.0303875 0 0 0 0 0 0.969612 0 0 
15 1.8944 1
0 0.357443 0 0 0 0 0 0.642557 0 0 
28 0.283717 0
27 1 1
0 0.963901 0 0 0 0 0 0.0360991 0 0 
4 0.204654 1
0 0.122091 0 0 0 0 0 0.877909 0 0 
1 4890.59 1
0 0.00347013 0 0 0 0 0 0.99653 0 0 
22 4.93678 0
28 0.530658 0
1 4638.45 0
27 0.766782 0
3 1695.68 0
7 7.92169 1
0 0.886208 0 0 0 0 0 0.113792 0 0 
11 0.0287489 1
0 0.061425 0 0 0 0 0 0.938575 0 0 
2 4620.78 1
0 0.992384 0 0 0 0 0 0.00761569 0 0 
27 0.492227 0
8 0.225384 1
0.0649351 0.935065 0 0 0 0 0 0 0 0 
3 1774.5 1
0 0 0 0 0 0 0 1 0 0 
23 157.937 1
0 0.0260072 0 0 0 0 0 0.973993 0 0 
22 19.6957 1
0 0.0339411 0 0 0 0 0 0.966059 0 0 
28 0.386269 0
41 0.366528 0
12 2.4231 0
24 9.14841 0
4 0.199296 1
1 0 0 0 0 0 0 0 0 0 
9 5.72995 0
12 2.06171 0
21 158.297 1
0.789474 0.210526 0 0 0 0 0 0 0 0 
51 0 1
1 0 0 0 0 0 0 0 0 0 
0 2116 1
0 1 0 0 0 0 0 0 0 0 
23 10.641 0
44 0 1
1 0 0 0 0 0 0 0 0 0 
21 156.442 0
9 0.109031 1
1 0 0 0 0 0 0 0 0 0 
19 68.2089 1
0.294118 0.705882 0 0 0 0 0 0 0 0 
19 119.652 0
13 0.611531 1
0.949367 0.0506329 0 0 0 0 0 0 0 0 
9 3.85339 1
0.529412 0.470588 0 0 0 0 0 0 0 0 
43 0.617534 0
27 0.427981 1
0.0746269 0.925373 0 0 0 0 0 0 0 0 
29 0 1
1 0 0 0 0 0 0 0 0 0 
7 15.6928 0
45 0.206301 0
1 6699.45 0
29 0.872717 0
52 0.336686 0
0 2021.62 0
0 354.143 0
17 5.0483 1
0 1 0 0 0 0 0 0 0 0 
19 152.154 0
3 1619.84 0
3 1551.35 0
18 63.0863 1
0 0.0494829 0 0 0 0.0270264 0 0 0.923491 0 
17 1.18726 1
0 1 0 0 0 0 0 0 0 0 
31 1 1
0 0.412141 0 0 0 0.0246496 0.0337779 0 0.529431 0 
3 1083.66 1
0 1 0 0 0 0 0 0 0 0 
0 2032.59 0
1 3865.52 1
0 0.527112 0 0 0 0.472888 0 0 0 0 
28 0.93849 0
22 25.0433 0
14 0.352817 0
11 0.00145649 1
0 0.187712 0 0 0 0 0.812288 0 0 0 
39 0 1
0 1 0 0 0 0 0 0 0 0 
12 2.7804 1
0 1 0 0 0 0 0 0 0 0 
24 13.7868 0
41 0.459012 1
0 0.982908 0 0 0 0.017092 0 0 0 0 
6 1.20303 1
0 0.695122 0 0 0 0.304878 0 0 0 0 
23 137.063 0
0 543.643 0
13 0.446738 1
0 1 0 0 0 0 0 0 0 0 
2 1751.15 0
27 0.986119 0
0 2254.24 0
44 0.40707 1
0 0.0677546 0 0 0 0.878053 0 0 0.0541926 0 
24 20.7142 1
0 1 0 0 0 0 0 0 0 0 
30 0 1
0 0.403183 0 0 0 0.596817 0 0 0 0 
19 18.7772 0
29 0 1
0 0.741676 0 0 0 0.258324 0 0 0 0 
1 4848.62 0
41 0 1
0 0.603175 0 0 0 0.396825 0 0 0 0 
0 2175.84 1
0 0.424509 0 0 0 0.575491 0 0 0 0 
25 263.44 0
33 0 1
0 1 0 0 0 0 0 0 0 0 
12 4.37955 0
20 2.46091 1
0 0.0230461 0 0 0 0 0 0 0.976954 0 
22 0 1
0 0 0 0 0 1 0 0 0 0 
1 4491.92 0
46 0.309448 1
0 0.925447 0 0 0 0.0745527 0 0 0 0 
40 0.39246 0
41 0.777119 0
22 1.15457 0
14 464.363 1
0 0.00128106 0 0 0 0.998719 0 0 0 0 
14 85.431 0
8 0.102537 0
27 0 1
0 1 0 0 0 0 0 0 0 0 
32 0.943158 1
0 0.070632 0 0 0 0.929368 0 0 0 0 
42 0.70444 1
0 0 0 0 0 1 0 0 0 0 
21 136.88 1
0 1 0 0 0 0 0 0 0 0 
12 3.76165 1
0 1 0 0 0 0 0 0 0 0 
9 124.213 0
22 21.6159 0
44 0.34577 0
16 32.0785 0
47 0.0123942 0
14 36.5804 1
0 1 0 0 0 0 0 0 0 0 
25 236.771 0
18 88.0314 1
0.030303 0.969697 0 0 0 0 0 0 0 0 
16 21.648 1
0.833333 0.166667 0 0 0 0 0 0 0 0 
27 0.314035 1
0 1 0 0 0 0 0 0 0 0 
47 0.290626 1
0.820896 0.179104 0 0 0 0 0 0 0 0 
31 0.597674 0
18 59.3888 1
1 0 0 0 0 0 0 0 0 0 
48 0.43897 0
0 1059.09 1
0 1 0 0 0 0 0 0 0 0 
8 16.0371 0
18 66.6822 0
9 0.110315 1
0 1 0 0 0 0 0 0 0 0 
23 404.941 0
24 127.425 1
0 0.017137 0 0 0.982863 0 0 0 0 0 
3 1000 1
0 1 0 0 0 0 0 0 0 0 
6 0.999942 1
0 1 0 0 0 0 0 0 0 0 
0 1000 1
0 0 0 0 0 0 0 0 1 0 
9 188.41 0
9 17.0676 0
9 7.0041 0
9 1.32043 0
25 251.376 0
0 1452.86 1
0 0.868101 0 0 0 0 0 0 0.131899 0 
21 164.395 0
25 267.97 1
0 0.981067 0 0.0189333 0 0 0 0 0 0 
19 80.1344 0
22 13.0476 0
40 0 1
0 0.596232 0.403768 0 0 0 0 0 0 0 
10 63.754 1
0 0.141137 0 0 0 0 0.858863 0 0 0 
43 0.586462 1
0 1 0 0 0 0 0 0 0 0 
28 0.290551 0
2 515.074 0
27 0 1
0 1 0 0 0 0 0 0 0 0 
15 2.30368 1
0 0.0775185 0 0 0 0 0.922481 0 0 0 
0 1266 1
0 0.806879 0 0 0 0 0.193121 0 0 0 
3 1208.12 0
23 413.582 1
0 0.898722 0 0 0 0 0.101278 0 0 0 
26 0.720693 0
18 75.1338 0
1 1041.78 1
0 1 0 0 0 0 0 0 0 0 
0 1383.08 0
17 5.23755 1
0 0.00256109 0 0 0 0 0.997439 0 0 0 
11 0.0834565 1
0 1 0 0 0 0 0 0 0 0 
42 0 1
0 1 0 0 0 0 0 0 0 0 
19 176.217 0
43 0.0693025 0
13 0.374644 1
0 0 0 0 0 0 1 0 0 0 
14 0.218412 0
49 1 1
0 1 0 0 0 0 0 0 0 0 
15 2.25776 0
18 73.5473 1
0 0.00852538 0 0 0 0 0.991475 0 0 0 
41 0 1
0 1 0 0 0 0 0 0 0 0 
49 1 1
0 0 0 1 0 0 0 0 0 0 
41 0 1
0 0 0 0 0 0 0 0 1 0 
45 0.133423 0
25 293.202 0
2 1366.8 0
16 293.734 0
23 602.585 0
0 1682.55 0
0 814.187 1
0 0 0.736152 0.263848 0 0 0 0 0 0 
11 0.0680415 1
0 0 1 0 0 0 0 0 0 0 
4 0.19 1
0 0 0 1 0 0 0 0 0 0 
4 0.198796 1
0 0 0.207336 0.792664 0 0 0 0 0 0 
0 382.916 1
0 0.00180103 0.983045 0.0151543 0 0 0 0 0 0 
29 0.0676809 0
6 210.999 1
0 0 0.9539 0.00969904 0 0.0364009 0 0 0 0 
18 77.4504 1
0 0 0.260434 0 0 0.739566 0 0 0 0 
16 266.769 0
30 0.838302 0
0 2330.11 0
25 242.564 0
21 225.601 1
0 0 0 1 0 0 0 0 0 0 
22 27.6533 0
20 217.19 1
0 0 0.98774 0.0122604 0 0 0 0 0 0 
3 1047.6 0
24 8.3654 0
13 0.702019 1
0 0 0 1 0 0 0 0 0 0 
25 272.881 0
17 3.77567 1
0 0 0.881519 0.118481 0 0 0 0 0 0 
38 0 1
0 0 0 1 0 0 0 0 0 0 
11 0.018731 0
23 399.723 0
22 73.3746 1
0 0 0.410904 0.589096 0 0 0 0 0 0 
37 0 1
0 0 0 1 0 0 0 0 0 0 
11 0.0807804 1
0 0 0 1 0 0 0 0 0 0 
16 148.884 1
0 0 0 1 0 0 0 0 0 0 
2 679.349 0
13 0.71836 0
8 0.143765 1
0 0 0 1 0 0 0 0 0 0 
2 482.532 1
0 0 0.14914 0.783989 0 0.0668713 0 0 0 0 
22 23.1539 0
27 0.731229 0
2 1974.19 0
6 1.90955 1
0 0.00277652 0.0977738 0.89945 0 0 0 0 0 0 
9 16.7739 0
15 2.21276 1
0 0 0.610806 0.389194 0 0 0 0 0 0 
5 0.0512274 1
0 0 0 1 0 0 0 0 0 0 
16 36.4237 0
30 1 1
0 0 0.45564 0.54436 0 0 0 0 0 0 
25 258.97 0
22 8.66565 1
0 0 0 1 0 0 0 0 0 0 
7 73.0947 0
30 1 1
0 0 0 1 0 0 0 0 0 0 
2 792.554 1
0 0 0.844736 0.155264 0 0 0 0 0 0 
0 2311.03 0
2 858.015 1
0 0 0.973418 0.0265819 0 0 0 0 0 0 
25 233.043 1
0 0 0 1 0 0 0 0 0 0 
43 0.426583 0
5 0.0320194 0
26 0.738218 1
0 0 0.00905501 0.990945 0 0 0 0 0 0 
16 281.616 0
10 63.9861 1
0 0 0.582469 0.417531 0 0 0 0 0 0 
31 1 1
0 0 0 1 0 0 0 0 0 0 
18 162.37 0
25 260.082 0
52 0 1
0 0 0.104146 0.895854 0 0 0 0 0 0 
5 0.000365671 0
13 0.453574 0
18 75.292 1
0 0 0 1 0 0 0 0 0 0 
12 2.11747 1
0 0 0.676642 0.323358 0 0 0 0 0 0 
35 0 1
0 0 0 1 0 0 0 0 0 0 
2 1762.47 1
0 0 0 0 0 1 0 0 0 0 
18 33.0589 0
1 6847.95 0
21 142.522 0
46 0.152395 0
1 4358.42 1
0 0.347259 0 0 0 0.652741 0 0 0 0 
1 4640.27 0
3 1633.14 0
6 1.05841 1
0 0.689935 0 0 0 0 0 0.310065 0 0 
1 4157.39 0
3 1930.87 1
0 0.0148366 0 0 0 0 0 0.985163 0 0 
15 700.859 1
0 0.000480157 0 0 0 0 0 0.99952 0 0 
13 0.396236 1
0 1 0 0 0 0 0 0 0 0 
3 1779.31 0
27 0.236998 0
25 231.638 0
37 0 1
0 0 0 0 0 0 0 1 0 0 
21 146.387 0
14 0.329603 1
0 0.270528 0 0 0 0 0 0.729472 0 0 
21 175.204 0
1 6180.09 1
0.0337403 0.917737 0 0 0 0 0 0.0485226 0 0 
14 0.403207 0
6 1.20074 1
0 0.769463 0 0 0 0 0 0.230537 0 0 
52 0 1
0 0.357443 0 0 0 0 0 0.642557 0 0 
33 0 1
0 0.000894996 0 0 0 0 0 0.999105 0 0 
1 4519.74 0
43 0.926149 0
21 150.272 0
13 0.648444 1
0 0.232791 0 0 0 0 0 0.767209 0 0 
22 0.0242403 1
0 0 0 0 0 0 0 1 0 0 
14 0.32 1
0 1 0 0 0 0 0 0 0 0 
2 4364.54 0
53 0 1
0 1 0 0 0 0 0 0 0 0 
2 4845.49 1
0 0.126727 0 0 0 0 0 0.873273 0 0 
16 431.531 0
35 0.31666 0
24 9.19002 0
21 188.223 1
0.999135 0.000865482 0 0 0 0 0 0 0 0 
0 1952.44 0
39 0 1
1 0 0 0 0 0 0 0 0 0 
16 4.26956 1
0.734597 0.265403 0 0 0 0 0 0 0 0 
29 0 1
0 1 0 0 0 0 0 0 0 0 
28 0.274778 0
18 22.3558 1
1 0 0 0 0 0 0 0 0 0 
43 0.493118 0
20 249.212 0
20 45.0441 1
0 1 0 0 0 0 0 0 0 0 
11 0.0279858 1
0.714286 0.285714 0 0 0 0 0 0 0 0 
18 11.7132 1
1 0 0 0 0 0 0 0 0 0 
33 0.309306 0
45 0.317117 0
1 6817.58 0
2 1650.2 0
21 439.791 0
25 240.959 0
17 1.4469 1
0 0.975347 0 0 0 0 0.0246532 0 0 0 
0 2221.48 0
1 4226.93 0
24 8.66796 1
0 0.961748 0 0 0 0 0.0382518 0 0 0 
0 539.825 0
33 0 1
0 1 0 0 0 0 0 0 0 0 
14 102.731 0
23 107.911 1
0 0.0704639 0 0 0 0.929536 0 0 0 0 
24 291.762 1
0 0 0 0 0 1 0 0 0 0 
14 0.316605 1
0 1 0 0 0 0 0 0 0 0 
21 702.905 1
0 0 0 0 0 0 0 0 1 0 
0 1930.82 0
30 0.923138 0
29 0.749862 1
0 0.912664 0 0 0 0.0873362 0 0 0 0 
25 237.053 0
32 0.869419 1
0 1 0 0 0 0 0 0 0 0 
29 0.471713 0
13 0.954057 0
25 295.6 0
26 0.156448 1
0 0.0318346 0 0 0 0.0104719 0 0.00178836 0.955905 0 
1 5030.51 1
0 0.0156005 0 0 0 0.102635 0 0 0.881765 0 
30 1 1
0 1 0 0 0 0 0 0 0 0 
3 1003.44 1
0 0.0206746 0 0 0 0.979325 0 0 0 0 
2 4050.07 0
3 1789.81 0
0 2152.73 0
2 3019.95 0
1 3912.8 0
0 2010.42 1
0 1 0 0 0 0 0 0 0 0 
1 4661.32 1
0 0.0612554 0 0 0 0.938745 0 0 0 0 
2 3482.94 1
0 1 0 0 0 0 0 0 0 0 
42 0.701106 1
0 0.92415 0 0 0 0.0319997 0.0438498 0 0 0 
51 0.448076 1
0 0.316089 0 0 0 0 0.683911 0 0 0 
41 0 1
0 1 0 0 0 0 0 0 0 0 
22 12.4567 0
28 0.109242 0
12 1.90752 1
0.473802 0.526198 0 0 0 0 0 0 0 0 
51 0 1
0 1 0 0 0 0 0 0 0 0 
27 0.753309 0
23 93.4725 0
18 64.048 0
43 1 1
1 0 0 0 0 0 0 0 0 0 
48 0.333454 0
12 32.312 1
0 1 0 0 0 0 0 0 0 0 
24 58.0467 0
12 873.45 0
22 20.865 1
0 0.0167682 0 0 0.983232 0 0 0 0 0 
5 0.00198763 1
0 1 0 0 0 0 0 0 0 0 
1 8300 1
0 0.0909091 0 0 0.909091 0 0 0 0 0 
2 2728.22 1
0 1 0 0 0 0 0 0 0 0 
4 0.150422 1
0 0.0230461 0 0 0 0 0 0 0.976954 0 
9 102.187 0
9 0.790822 0
19 60.6011 0
0 1468.97 0
32 0.960804 1
0 1 0 0 0 0 0 0 0 0 
0 2066.05 1
0 0.156027 0 0 0 0 0.843973 0 0 0 
45 1 1
0 0.89278 0 0 0 0 0.00643038 0 0.100789 0 
9 13.2134 0
0 1368.26 0
43 0.962761 0
19 83.0681 1
0 0.0340158 0 0 0 0 0.965984 0 0 0 
41 0 1
0 1 0 0 0 0 0 0 0 0 
3 1809.14 0
13 0.555921 1
0 0.978048 0 0 0 0 0.0219519 0 0 0 
30 0.778877 0
5 0.0488333 1
0 0.0331682 0 0.0697714 0 0 0.89706 0 0 0 
46 0 1
0 1 0 0 0 0 0 0 0 0 
19 169.298 0
16 422.453 0
3 1850.9 1
0 0.000406147 0 0 0 0 0.999594 0 0 0 
43 0.969131 0
2 1494.85 1
0 0 0 0 0 0 1 0 0 0 
8 0.115271 1
0 0.0734141 0 0 0 0 0.926586 0 0 0 
15 2.455 1
0 0 0 1 0 0 0 0 0 0 
50 0 1
0 0 0 0 0 0 0 0 1 0 
49 0.948931 0
25 240.994 0
40 0 1
0 0 0.130032 0.869968 0 0 0 0 0 0 
14 911.375 0
23 314.269 0
1 2287.14 0
22 19.6144 0
43 0.0407202 1
0 0 0.603466 0.396534 0 0 0 0 0 0 
46 0 1
0 0 1 0 0 0 0 0 0 0 
13 1185.27 0
18 149.913 0
19 28.4762 1
0 0 0.974605 0.00298557 0 0.0224099 0 0 0 0 
2 1106.43 1
0 0 0.471487 0 0 0.528513 0 0 0 0 
29 1 1
0 0 0 0 0 1 0 0 0 0 
1 4906.5 1
0 0 0.610806 0.389194 0 0 0 0 0 0 
42 0.0143303 1
0 0 0 0 0 1 0 0 0 0 
2 749.904 0
25 269.383 0
43 0.766742 0
17 1.9245 0
13 0.654061 0
3 1430.77 1
0 0 0 1 0 0 0 0 0 0 
8 0.146697 0
3 1537.89 1
0 0 0.159828 0.840172 0 0 0 0 0 0 
13 0.963421 1
0 0 0 1 0 0 0 0 0 0 
10 18.9664 1
0 0 0.207336 0.792664 0 0 0 0 0 0 
4 0.113064 0
2 372.102 0
27 0.0583673 1
0 0 0 0.881805 0 0.118195 0 0 0 0 
48 0 1
0 0 0.80714 0.19286 0 0 0 0 0 0 
10 36.8963 1
0 0 0 1 0 0 0 0 0 0 
22 6.89024 0
18 109.431 0
25 280.697 1
0 0 1 0 0 0 0 0 0 0 
2 620.883 1
0 0 0.295035 0.704965 0 0 0 0 0 0 
3 1950.57 0
5 0.00544208 1
0 0 0.112548 0.887452 0 0 0 0 0 0 
2 447.933 1
0 0 0.258577 0.741423 0 0 0 0 0 0 
16 230.2 0
25 265.089 0
24 8.12264 0
35 0 1
0 0 0 1 0 0 0 0 0 0 
2 1053.38 0
52 0 1
0 0 0.465782 0.534218 0 0 0 0 0 0 
22 25.8071 0
42 0.010074 1
0 0 0.207336 0.792664 0 0 0 0 0 0 
23 125.219 0
1 581.44 0
28 1 1
0 0 0 1 0 0 0 0 0 0 
0 2059.49 1
0 0 0.881983 0.118017 0 0 0 0 0 0 
18 74.2641 1
0 0 0.180508 0.819492 0 0 0 0 0 0 
17 4.0626 0
25 282.355 0
0 155.298 0
18 75.45 1
0 0 0 1 0 0 0 0 0 0 
0 2320.13 0
1 619.148 1
0 0 0.974137 0.0258626 0 0 0 0 0 0 
50 0 1
0 0 0 1 0 0 0 0 0 0 
22 23.5956 1
0 0 0.582469 0.417531 0 0 0 0 0 0 
29 0 1
0 0 0 1 0 0 0 0 0 0 
5 0.00303343 0
2 1172.92 0
13 0.527707 0
23 321.824 1
0 0 0 1 0 0 0 0 0 0 
15 2.3589 0
25 253.967 0
23 200.53 1
0 0 0 1 0 0 0 0 0 0 
11 0.0166237 0
12 2.1292 1
0 0 0.491299 0.508701 0 0 0 0 0 0 
12 2.395 1
0 0 0 1 0 0 0 0 0 0 
3 1038.27 1
0 0 0.104146 0.895854 0 0 0 0 0 0 
19 48.1055 0
17 1.05152 1
0 0 0 1 0 0 0 0 0 0 
19 162.518 0
2 2326.49 0
0 1677.39 1
0 0 0.949579 0.0504211 0 0 0 0 0 0 
8 0.149871 1
0 0 0.80714 0.19286 0 0 0 0 0 0 
30 0 1
0 0 0 1 0 0 0 0 0 0 
18 58.7108 0
23 71.2021 1
0 0 0.80714 0.19286 0 0 0 0 0 0 
29 0.17385 1
0 0 0.0897047 0.90024 0 0.0100555 0 0 0 0 
18 41.9217 0
47 0.0180524 0
20 104.965 0
17 1.7752 0
3 1675.85 0
24 10.288 0
1 5003.49 0
17 1.14517 1
0 0.970911 0 0 0 0 0 0.0290893 0 0 
1 5707.21 1
0.238095 0.761905 0 0 0 0 0 0 0 0 
9 0.0499199 1
0 0.943466 0 0 0 0 0 0.056534 0 0 
0 210.061 0
1 4885.61 0
1 4098.79 0
0 140 1
0 1 0 0 0 0 0 0 0 0 
18 11.3497 0
19 81.447 1
0 0.192511 0 0 0 0 0 0.807489 0 0 
1 4109.39 1
0 0.0075116 0 0 0 0 0 0.992488 0 0 
9 0.108461 1
0 1 0 0 0 0 0 0 0 0 
46 0.832976 0
3 1818.14 1
0 1 0 0 0 0 0 0 0 0 
1 4922.53 1
0 0.000804678 0 0 0 0 0 0.999195 0 0 
3 1788.22 0
48 0 1
0 0 0 0 0 0 0 1 0 0 
28 0.315178 1
0 0.943969 0 0 0 0 0 0.0560306 0 0 
2 4185.5 0
18 21.5247 1
0 0.955621 0 0 0 0.044379 0 0 0 0 
3 1584.03 1
0 0.000934853 0 0 0 0 0 0.999065 0 0 
28 0.807695 0
41 0.359481 0
21 160.024 0
47 1 1
1 0 0 0 0 0 0 0 0 0 
0 1730.55 0
30 0.974616 1
1 0 0 0 0 0 0 0 0 0 
0 1953.78 0
47 1 1
1 0 0 0 0 0 0 0 0 0 
8 0.177933 1
0.272727 0.727273 0 0 0 0 0 0 0 0 
21 166.086 0
4 0.0510493 1
1 0 0 0 0 0 0 0 0 0 
6 1.16305 0
7 7.8595 1
0.0943396 0.90566 0 0 0 0 0 0 0 0 
51 0 1
1 0 0 0 0 0 0 0 0 0 
43 0.827382 0
27 0.866475 0
23 10.7621 1
0 1 0 0 0 0 0 0 0 0 
19 79.1664 1
0.714286 0.285714 0 0 0 0 0 0 0 0 
39 0 1
1 0 0 0 0 0 0 0 0 0 
33 0.816602 0
45 0.177138 0
52 0.930144 0
1 7048.41 0
14 24.2082 0
19 146.154 0
17 2.49898 0
0 385.083 0
1 2528.94 1
0 1 0 0 0 0 0 0 0 0 
23 437.915 0
1 4895.52 0
19 121.444 1
0 0.0929941 0 0 0 0.00160297 0.00878635 0.00146 0.895157 0 
2 3729.73 1
0 0.100953 0 0 0 0.113857 0.00709184 0 0.778098 0 
0 1880.87 1
0 0.0762672 0 0 0 0 0 0 0.923733 0 
31 0.84141 0
8 0.16215 1
0 0.847627 0 0 0 0 0 0.152374 0 0 
37 0.54284 1
0 1 0 0 0 0 0 0 0 0 
5 0.036974 1
0 1 0 0 0 0 0 0 0 0 
3 1307.09 0
42 0.511755 0
46 0 1
0 1 0 0 0 0 0 0 0 0 
40 0.593526 0
18 173.334 0
15 1.90368 0
9 0.175 1
0 0.202128 0 0 0 0.797872 0 0 0 0 
31 0.2313 1
0 0.120036 0 0 0 0.879964 0 0 0 0 
17 1.04256 1
0 1 0 0 0 0 0 0 0 0 
43 1 1
0 1 0 0 0 0 0 0 0 0 
7 7.86253 1
0 0.955869 0 0 0 0.0441306 0 0 0 0 
9 245.621 0
34 0.534971 0
22 33.3143 0
47 0.251496 0
17 1.27158 0
34 0 1
0 1 0 0 0 0 0 0 0 0 
4 0.120711 0
12 3.50455 1
0 0.545455 0 0 0.454545 0 0 0 0 0 
8 0.175525 1
0 1 0 0 0 0 0 0 0 0 
28 0.639084 0
24 8.43662 1
0.726496 0.273504 0 0 0 0 0 0 0 0 
43 0.614554 1
0.0411985 0.958802 0 0 0 0 0 0 0 0 
13 0.582539 0
5 0.00476774 0
6 1.23998 1
0 0.545455 0 0 0.454545 0 0 0 0 0 
17 2.78579 0
40 0.169406 1
0 0.104478 0 0 0.895522 0 0 0 0 0 
24 9.16673 1
0 1 0 0 0 0 0 0 0 0 
43 0.220059 1
0 0.6875 0 0 0.3125 0 0 0 0 0 
17 2.27161 0
4 0.269101 0
26 0.490409 1
0 0 0 0 1 0 0 0 0 0 
16 395.306 1
0 0.010989 0 0 0.989011 0 0 0 0 0 
21 157.619 0
27 0 1
0 0.230769 0 0 0.769231 0 0 0 0 0 
22 136.084 1
0 0.0322581 0 0 0.967742 0 0 0 0 0 
30 1 1
0 0 0 0 0 0 0 0 1 0 
23 496.275 0
0 405.832 0
8 0.182987 1
0 1 0 0 0 0 0 0 0 0 
14 147.726 0
23 122.893 0
2 1998.4 0
0 2311.85 0
2 1644.27 0
18 70.2363 1
0 0.0650687 0 0 0 0.883373 0 0 0.0515579 0 
53 0.537343 1
0 0.453517 0 0 0 0.546483 0 0 0 0 
32 0 1
0 1 0 0 0 0 0 0 0 0 
18 77.7181 0
17 1.0817 0
10 91.374 1
0 0.706458 0 0 0 0.293542 0 0 0 0 
43 0.0743339 1
0 0.17652 0 0 0 0.82348 0 0 0 0 
16 12.0957 1
0 0.661509 0 0 0 0.338491 0 0 0 0 
18 75.1482 1
0 0.167023 0 0 0 0 0 0 0.832977 0 
5 0.136868 1
0 0 0 0 0 1 0 0 0 0 
0 1018.35 1
0 0.091121 0 0 0 0 0 0 0.908879 0 
9 4.96314 0
49 0.966606 0
9 0.259198 0
3 1627.96 1
0 0.114843 0 0 0 0 0 0 0.885157 0 
37 0 1
0 0.156027 0 0 0 0 0.843973 0 0 0 
9 0.886606 0
10 25.4037 0
24 9.13584 0
34 0 1
0 1 0 0 0 0 0 0 0 0 
0 2101.17 1
0 0.156027 0 0 0 0 0.843973 0 0 0 
10 91.8743 1
0 0.992763 0 0 0 0 0.00723724 0 0 0 
3 1479.73 0
15 40.5706 1
0 1 0 0 0 0 0 0 0 0 
16 231.595 0
3 1663.51 0
3 1526.15 1
0 1 0 0 0 0 0 0 0 0 
15 2.2197 1
0 0.109725 0 0 0 0 0.890275 0 0 0 
18 74.3593 1
0 0.826203 0 0.173797 0 0 0 0 0 0 
9 151.54 0
8 8.73104 0
35 0.511029 0
18 74.7402 0
4 0.123437 1
0 1 0 0 0 0 0 0 0 0 
9 12.1048 0
9 9.61722 0
2 3008.06 1
0 0.0151722 0 0 0 0 0.984828 0 0 0 
26 0.731827 1
0 0.751217 0 0 0 0 0.248783 0 0 0 
12 31.7071 0
39 0.126293 1
0 0 0 0 0 0 1 0 0 0 
0 100.67 1
0 0.0257307 0 0 0 0 0.974269 0 0 0 
20 2.12998 0
43 0.114718 1
0 0.00302153 0 0 0 0 0.996978 0 0 0 
14 0.40665 1
0 0.000481205 0 0 0 0 0.999519 0 0 0 
17 3.345 1
0 0 0 1 0 0 0 0 0 0 
32 0 1
0 0 0 0 0 0 0 0 1 0 
45 0.364389 0
14 737.919 0
20 272.25 0
16 450.337 0
26 0.902702 0
19 80.8862 0
18 111.127 0
12 2.44341 1
0 0 1 0 0 0 0 0 0 0 
2 2278.81 1
0 0 0.931514 0.0684857 0 0 0 0 0 0 
0 1323.46 0
12 2.27076 1
0 0 0 1 0 0 0 0 0 0 
22 28.4323 0
40 0 1
0 0 0 1 0 0 0 0 0 0 
23 16.1176 1
0 0 0.940099 0.0599013 0 0 0 0 0 0 
13 1105.31 0
52 0.881352 0
3 1629.53 1
0 0 1 0 0 0 0 0 0 0 
43 0.161454 0
11 0.0813045 1
0 0 0 0 0 1 0 0 0 0 
23 10.2247 0
18 172.121 1
0 0 0.527215 0 0 0.472785 0 0 0 0 
39 0 1
0 0 0.975695 0 0 0.0243046 0 0 0 0 
2 1207.54 1
0 0 0 0 0 1 0 0 0 0 
39 0.872839 1
0 0 0.295035 0.704965 0 0 0 0 0 0 
30 1 1
0 0 0 0 0 1 0 0 0 0 
49 0 1
0 0 0 0 0 1 0 0 0 0 
17 1.30773 0
43 0.65079 0
2 949.616 0
20 48.9203 0
37 0.196766 0
6 6.78143 1
0 0 0.00615287 0.993847 0 0 0 0 0 0 
25 236.971 0
9 1.31444 1
0 0 0 1 0 0 0 0 0 0 
4 0.211425 1
0 0 0.0801972 0.919803 0 0 0 0 0 0 
22 4.42147 0
20 228.806 1
0 0 0.862593 0.137407 0 0 0 0 0 0 
43 0 1
0 0 0 1 0 0 0 0 0 0 
22 12.0332 0
14 5.56624 0
18 59.5436 0
9 0.228664 1
0 0 0.295035 0.704965 0 0 0 0 0 0 
50 0 1
0 0 0.0564144 0.943586 0 0 0 0 0 0 
24 9.0432 1
0 0 1 0 0 0 0 0 0 0 
16 210.144 0
6 1.22886 1
0 0 0.983219 0.0167809 0 0 0 0 0 0 
4 0.217822 0
13 0.838031 0
6 1.07539 0
19 84.2166 1
0 0 0.410904 0.589096 0 0 0 0 0 0 
15 1.90531 1
0 0 0.884695 0.115305 0 0 0 0 0 0 
47 0 1
0 0 0 1 0 0 0 0 0 0 
18 74.8313 1
0 0 0.511307 0.488693 0 0 0 0 0 0 
23 13.0929 0
25 290.6 0
26 0.927141 0
2 681.551 0
5 0.0873498 1
0 0 0.207336 0.792664 0 0 0 0 0 0 
15 2.1886 0
14 0.368289 0
17 1.01867 1
0 0 0.7557 0.2443 0 0 0 0 0 0 
4 0.09 1
0 0 0.676642 0.323358 0 0 0 0 0 0 
18 73.6445 1
0 0 0 1 0 0 0 0 0 0 
17 1.02882 1
0 0 0.871463 0.104115 0 0.0244217 0 0 0 0 
52 0 1
0 0 0 0 0 1 0 0 0 0 
2 2191.22 0
12 0.984682 1
0 0 0 1 0 0 0 0 0 0 
9 14.8895 1
0 0 0.410904 0.589096 0 0 0 0 0 0 
22 3.85365 0
17 1.61782 1
0 0 0.949579 0.0504211 0 0 0 0 0 0 
24 8.57114 0
8 0.245126 1
0 0 0.0549334 0.945067 0 0 0 0 0 0 
19 157.431 0
25 271.321 0
19 95.5043 0
6 1.01461 0
15 2.32869 1
0 0 0.511307 0.488693 0 0 0 0 0 0 
0 2331.16 0
22 22.6202 1
0 0 0.974596 0.0254043 0 0 0 0 0 0 
41 0 1
0 0 0 1 0 0 0 0 0 0 
43 0.591174 0
8 3.01422 1
0 0 0 1 0 0 0 0 0 0 
16 320.014 1
0 0 0.758386 0.241614 0 0 0 0 0 0 
2 698.805 0
34 0 1
0 0 0.0695372 0.930463 0 0 0 0 0 0 
17 3.28892 0
0 1254.36 1
0 0 0.912761 0.0872391 0 0 0 0 0 0 
48 0 1
0 0 0 1 0 0 0 0 0 0 
46 0 1
0 0 0 1 0 0 0 0 0 0 
18 40.7936 0
47 0.862512 0
25 255.343 0
46 0.0107067 0
36 0 1
0 1 0 0 0 0 0 0 0 0 
1 4946.4 0
2 3846.23 0
6 193.487 1
0 1 0 0 0 0 0 0 0 0 
3 1649.24 0
9 0.108845 1
0 0.869713 0 0 0 0 0 0.130287 0 0 
1 4112 0
19 86.2118 1
0 0.898995 0 0 0 0 0 0.101005 0 0 
3 2007.58 0
1 4264.04 0
2 4129.97 1
0 0.00670777 0 0 0 0 0 0.993292 0 0 
53 0 1
0 0 0 0 0 0 0 1 0 0 
47 0 1
0 1 0 0 0 0 0 0 0 0 
34 0 1
0 1 0 0 0 0 0 0 0 0 
2 4440.19 0
16 469.508 0
27 0.445209 0
16 0.740048 0
29 0 1
0 0 0 0 0 0 0 1 0 0 
23 10.4454 1
0.0724638 0.927536 0 0 0 0 0 0 0 0 
42 0 1
0 1 0 0 0 0 0 0 0 0 
12 2.30546 1
0 0.0482234 0 0 0 0.951777 0 0 0 0 
40 0.477721 1
0 0 0 0 0 0 0 1 0 0 
28 0.953384 0
41 0.227059 0
0 1942.72 0
29 0 1
1 0 0 0 0 0 0 0 0 0 
21 158.319 0
4 0.144311 1
1 0 0 0 0 0 0 0 0 0 
16 8.12767 1
0.578947 0.421053 0 0 0 0 0 0 0 0 
0 2070.58 1
0.802469 0.197531 0 0 0 0 0 0 0 0 
43 0.349284 0
16 546.057 0
37 0 1
0 1 0 0 0 0 0 0 0 0 
16 568.495 1
0.714286 0.285714 0 0 0 0 0 0 0 0 
8 0.200831 1
1 0 0 0 0 0 0 0 0 0 
33 0.0560348 0
45 0.622178 0
1 6048.03 0
0 1360.39 0
25 295.203 0
19 96.0712 0
14 207.758 0
0 320.891 0
21 181.275 0
19 58.7762 0
43 0.397336 1
0 0.930317 0 0 0 0 0 0.0696827 0 0 
4 0.0386992 1
0 1 0 0 0 0 0 0 0 0 
10 45.13 1
0 0.526642 0 0 0 0 0 0.473358 0 0 
3 1383.44 0
14 81.6674 0
0 1054.98 1
0 0.0567126 0 0 0 0.0432021 0 0.000298097 0.899787 0 
32 0.56744 1
0 0 0 0 0 1 0 0 0 0 
28 0.617573 1
0 0.207943 0 0 0 0 0 0.00500636 0.787051 0 
46 0 1
0 0 0 0 0 1 0 0 0 0 
29 0.978952 1
0 0.83165 0 0 0 0.16835 0 0 0 0 
9 4.63796 0
0 1127.97 0
0 1123.92 0
25 323.844 0
2 1145.06 0
19 69.0819 1
0 0 0 0 0 1 0 0 0 0 
44 0.483536 1
0 0.0728546 0 0 0 0.618305 0 0 0.30884 0 
50 0 1
0 0.558824 0 0 0 0.441176 0 0 0 0 
18 75.2712 1
0 1 0 0 0 0 0 0 0 0 
30 0 1
0 1 0 0 0 0 0 0 0 0 
9 358.771 1
0 0.00586286 0 0 0 0 0 0 0.994137 0 
1 4096.96 0
1 2344.55 0
4 0.0414088 0
18 74.9247 1
0 0.156027 0 0 0 0 0.843973 0 0 0 
27 0.934702 1
0 1 0 0 0 0 0 0 0 0 
8 0.0678899 1
0 0.938352 0 0 0 0 0.0616479 0 0 0 
2 3077.67 0
25 236.622 0
0 2299.75 1
0 0.269936 0 0 0 0 0.730064 0 0 0 
0 2188.46 0
2 1838.77 0
0 2154.2 0
43 0.295974 1
0 0.00777832 0 0 0 0.992222 0 0 0 0 
40 0.0800268 1
0 0.735915 0 0 0 0.264084 0 0 0 0 
6 0.971599 0
37 0 1
0 1 0 0 0 0 0 0 0 0 
1 4732.18 1
0 0.103663 0 0 0 0.896337 0 0 0 0 
52 0.504075 1
0 1 0 0 0 0 0 0 0 0 
7 7.23153 1
0 1 0 0 0 0 0 0 0 0 
22 31.0475 0
9 417.985 0
28 0.263467 0
24 8.55293 0
22 25.0253 1
0 1 0 0 0 0 0 0 0 0 
17 2.29998 1
0.981524 0.0184758 0 0 0 0 0 0 0 0 
22 18.9091 0
13 0.09078 1
0 1 0 0 0 0 0 0 0 0 
5 0.0571691 0
31 0.110622 1
0.0912779 0.908722 0 0 0 0 0 0 0 0 
0 938.793 0
18 110.231 1
0 1 0 0 0 0 0 0 0 0 
48 0.104683 1
0.111111 0 0 0 0.888889 0 0 0 0 0 
36 1 1
0 0 0 0 0 0 0 0 1 0 
22 68.9071 0
12 114.772 0
41 0 1
0 0.450549 0 0 0.549451 0 0 0 0 0 
18 109.741 1
0 0.130435 0 0 0.869565 0 0 0 0 0 
19 100.517 0
19 88.1934 0
44 0 1
0 0.000315357 0 0 0.999685 0 0 0 0 0 
25 259.513 0
14 0.232497 1
0 0.00584795 0 0 0.994152 0 0 0 0 0 
14 0.255 1
0 0.0322581 0 0 0.967742 0 0 0 0 0 
23 14.6143 0
1 7410.64 0
48 0 1
0 1 0 0 0 0 0 0 0 0 
8 0.199109 0
50 0 1
0 0 0 0 1 0 0 0 0 0 
16 199.673 0
21 157.133 1
0 0.0151515 0 0 0.984848 0 0 0 0 0 
35 0 1
0 0 0 0 1 0 0 0 0 0 
51 0 1
0 1 0 0 0 0 0 0 0 0 
43 0.642579 0
21 163.523 0
9 0.485523 0
2 126.175 1
0 1 0 0 0 0 0 0 0 0 
3 1185.12 0
18 75.7626 1
0 0.924778 0 0 0 0 0.0752221 0 0 0 
1 901.622 0
16 380.689 1
0 0.702125 0 0 0 0 0.297875 0 0 0 
1 1364.98 0
10 24.0606 0
28 1 1
0 1 0 0 0 0 0 0 0 0 
23 393.704 0
15 48.3973 1
0 0.0762998 0 0 0 0 0.9237 0 0 0 
51 0 1
0 1 0 0 0 0 0 0 0 0 
3 1585.06 1
0 1 0 0 0 0 0 0 0 0 
26 0.968414 0
25 272.12 0
24 192.214 0
19 205.939 0
35 0.471316 0
18 74.385 0
33 0 1
0 1 0 0 0 0 0 0 0 0 
4 0.28439 1
0 0.070276 0 0 0 0 0.929724 0 0 0 
23 549.183 1
0 0 0 0 0 0 1 0 0 0 
15 3.82255 1
0 1 0 0 0 0 0 0 0 0 
46 0 1
0 1 0 0 0 0 0 0 0 0 
45 1 1
0 1 0 0 0 0 0 0 0 0 
18 73.9118 1
0 1 0 0 0 0 0 0 0 0 
18 76.684 0
9 1.53299 0
9 1.44063 0
19 15.7825 0
14 0.277776 1
0 0.156027 0 0 0 0 0.843973 0 0 0 
52 0 1
0 0.920274 0 0.0348802 0 0 0.044846 0 0 0 
4 0.100371 1
0 0.293766 0 0 0 0 0.706234 0 0 0 
9 15.9962 0
44 0 1
0 1 0 0 0 0 0 0 0 0 
15 2.13223 0
40 0.512897 0
16 555.083 1
0 0.00724367 0 0 0 0 0.685688 0 0.307069 0 
22 0 1
0 1 0 0 0 0 0 0 0 0 
46 0 1
0 0 0 1 0 0 0 0 0 0 
7 7.51037 0
0 216.933 1
0 0.105262 0 0 0 0 0.894738 0 0 0 
22 14.1686 0
16 242.727 1
0 0.0116574 0 0 0 0 0 0 0.988343 0 
39 0 1
0 1 0 0 0 0 0 0 0 0 
2 947.462 0
17 3.11456 0
26 0.796066 0
2 557.317 0
33 1 1
0 0 0.0127006 0.987299 0 0 0 0 0 0 
13 0.813858 0
4 0.249659 0
20 112.617 0
23 702.998 1
0 0 0.0217764 0.978224 0 0 0 0 0 0 
18 111.379 1
0 0 0.415947 0.39755 0 0.186503 0 0 0 0 
2 709.768 1
0 0 0.295035 0.704965 0 0 0 0 0 0 
33 1 1
0 0 0.410904 0.589096 0 0 0 0 0 0 
52 0.790955 0
1 886.646 0
14 35.1579 1
0 0 0 0.895029 0 0.104971 0 0 0 0 
16 360.289 1
0 0 0.942463 0.0391643 0 0.0183731 0 0 0 0 
38 0 1
0 0 0.218005 0 0 0.781995 0 0 0 0 
22 1.17254 0
26 0 1
0 0 1 0 0 0 0 0 0 0 
20 2.30174 0
12 2.56246 0
52 0 1
0 0 0.151168 0.848832 0 0 0 0 0 0 
11 0.0132851 1
0 0 0.676642 0.323358 0 0 0 0 0 0 
20 2.40165 0
21 221.79 1
0 0 0.676642 0.323358 0 0 0 0 0 0 
17 3.31893 1
0 0 0 1 0 0 0 0 0 0 
23 85.6367 0
1 2476.23 0
1 926.459 0
26 0.230597 1
0 0 0.343461 0.656539 0 0 0 0 0 0 
19 113.314 0
16 278.971 0
6 183.087 0
13 0.159833 0
45 1 1
0 0 0.343461 0.656539 0 0 0 0 0 0 
0 2059.37 0
44 0.0705296 1
0 0 0.737424 0.262576 0 0 0 0 0 0 
25 259.528 1
0 0 0.945021 0.0549789 0 0 0 0 0 0 
15 1.89572 1
0 0 0 1 0 0 0 0 0 0 
43 0.0125936 1
0 0 0.189701 0.725241 0 0.085058 0 0 0 0 
10 191.372 0
18 74.9024 0
0 2231.75 1
0 0 0.582469 0.417531 0 0 0 0 0 0 
42 0 1
0 0 0 1 0 0 0 0 0 0 
7 73.9749 1
0 0 1 0 0 0 0 0 0 0 
18 114.186 0
20 259.108 0
13 413.812 0
51 0.604094 0
10 76.763 1
0 0 1 0 0 0 0 0 0 0 
30 0.495152 1
0 0 0.949579 0.0504211 0 0 0 0 0 0 
39 0 1
0 0 0 0 0 1 0 0 0 0 
1 5135.38 1
0 0 0 0 0 1 0 0 0 0 
0 2005.16 1
0 0 0.308461 0 0 0.691539 0 0 0 0 
9 18.2268 0
0 2326.78 0
8 0.130213 0
32 0.653561 1
0 0 0 1 0 0 0 0 0 0 
24 6.6988 0
4 0.0857524 1
0 0 0 1 0 0 0 0 0 0 
3 1788.61 0
25 262.719 0
23 378.177 0
6 1.18976 1
0 0 0.723428 0.276572 0 0 0 0 0 0 
10 66.1553 1
0 0 0 1 0 0 0 0 0 0 
32 0 1
0 0 0.945764 0.054236 0 0 0 0 0 0 
0 2150.21 1
0 0 0 1 0 0 0 0 0 0 
12 2.10307 1
0 0 0 1 0 0 0 0 0 0 
48 0 1
0 0 0.173045 0.826955 0 0 0 0 0 0 
