10 5 10 50 5 1
18 33.7351 0
47 0.450067 0
25 249.378 0
2 3676.79 0
2 1783.86 1
0 1 0 0 0 0 0 0 0 0 
1 4888.08 0
2 5154.3 0
3 1491.54 0
31 0 1
0 1 0 0 0 0 0 0 0 0 
0 241.549 0
1 4092.91 0
8 0.188481 1
0 1 0 0 0 0 0 0 0 0 
21 142.466 0
3 1827.49 1
0 0.0118353 0 0 0 0 0 0.988165 0 0 
18 11.3983 0
3 1918.12 1
0 0.278114 0 0 0 0 0 0.721886 0 0 
3 1922.44 1
0 0 0 0 0 0 0 1 0 0 
51 0 1
0 0 0 0 0 0 0 1 0 0 
33 0 1
0 1 0 0 0 0 0 0 0 0 
46 0.55852 1
0 1 0 0 0 0 0 0 0 0 
2 4510.76 0
21 143.69 0
2 3538.98 1
0 0 0 0 0 0.865461 0 0.134539 0 0 
7 7.47199 0
47 0 1
0 0.0603358 0 0 0 0 0 0.939664 0 0 
12 3.375 1
0 0.994755 0 0.00432544 0 0 0 0.000919528 0 0 
5 0.120697 1
0 0 0 0 0 0 0 1 0 0 
7 7.22395 0
8 0.199758 1
0 1 0 0 0 0 0 0 0 0 
12 2.94155 0
10 89.6647 0
25 261.86 0
3 1000 1
0.999626 0.0003744 0 0 0 0 0 0 0 0 
0 1906.43 0
41 0.142853 1
1 0 0 0 0 0 0 0 0 0 
12 2.60381 1
0.836995 0.163005 0 0 0 0 0 0 0 0 
18 11.324 0
13 0.640278 1
1 0 0 0 0 0 0 0 0 0 
21 140.209 1
0.475378 0.524622 0 0 0 0 0 0 0 0 
14 0.359182 1
0 1 0 0 0 0 0 0 0 0 
33 0.659798 0
45 0.00767428 0
1 6747.64 0
0 1853.92 0
14 20.935 0
0 324.451 0
50 0 1
0 0.990264 0 0 0 0 0 0.00973628 0 0 
19 100.454 0
25 298.861 0
53 0.041256 0
3 1800.58 0
46 0.760349 1
0 0.0354506 0 0.00125463 0 0.0423214 0 0.000800151 0.920173 0 
35 0 1
0 0.184426 0 0 0 0 0 0 0.815574 0 
44 0 1
0 0.913124 0 0 0 0.0868756 0 0 0 0 
16 103.356 1
0 0.0966191 0 0 0 0.566061 0 0 0.337319 0 
32 0.00136461 1
0 1 0 0 0 0 0 0 0 0 
1 3747.91 0
0 965.59 1
0 0.918826 0 0 0 0.0811738 0 0 0 0 
14 65.3447 0
10 12.0693 0
12 2.27106 1
0 1 0 0 0 0 0 0 0 0 
15 1.89115 0
37 0.47336 1
0 0.57402 0 0 0 0.42598 0 0 0 0 
2 2241.5 0
17 1.01612 1
0 0.0301589 0 0 0 0.969841 0 0 0 0 
17 1.14344 1
0 1 0 0 0 0 0 0 0 0 
4 0.142462 1
0 0 0 0 0 1 0 0 0 0 
0 2209.7 0
25 240.691 0
52 0.483923 1
0 0.923235 0 0 0 0.0199166 0.0568488 0 0 0 
1 2521.65 0
32 0 1
0 1 0 0 0 0 0 0 0 0 
51 0.945319 0
25 274.907 0
0 2036.36 0
1 4641.59 1
0 0.060835 0 0 0 0.912319 0.0268461 0 0 0 
17 1.21773 1
0 1 0 0 0 0 0 0 0 0 
1 4015.48 0
44 0 1
0 1 0 0 0 0 0 0 0 0 
44 0.384847 1
0 0.0115028 0 0 0 0.988497 0 0 0 0 
39 0.888567 1
0 0.653564 0 0 0 0.346436 0 0 0 0 
9 27.5087 1
0 0.952843 0 0 0 0 0.0471569 0 0 0 
21 609.138 0
23 88.4092 0
22 9.90807 0
44 0.302177 0
23 9.85349 0
23 9.6013 1
0.822423 0.177577 0 0 0 0 0 0 0 0 
20 8.85422 0
0 2218.28 1
0 1 0 0 0 0 0 0 0 0 
28 0.00426598 1
0.131207 0.868793 0 0 0 0 0 0 0 0 
48 0.857486 1
0.93671 0.0632903 0 0 0 0 0 0 0 0 
0 1525.89 0
1 7666.3 0
34 0 1
0 1 0 0 0 0 0 0 0 0 
22 34.1129 0
41 0 1
0 1 0 0 0 0 0 0 0 0 
22 55.4136 0
23 64.1054 1
0 0.762679 0 0 0.237321 0 0 0 0 0 
0 99.8372 1
0 0.00135788 0 0 0.998642 0 0 0 0 0 
31 0.989866 0
36 0 1
1 0 0 0 0 0 0 0 0 0 
17 3.75337 0
48 0.503009 0
37 0 1
0 1 0 0 0 0 0 0 0 0 
25 278.263 1
0 0.0086503 0 0 0.99135 0 0 0 0 0 
29 0 1
0 1 0 0 0 0 0 0 0 0 
8 0.061107 1
0 0.941413 0 0 0.0585874 0 0 0 0 0 
22 22.7841 1
0 0 0 0 0 0 0 0 1 0 
43 0.754941 0
21 142.645 0
19 122.084 0
32 0.900091 1
0 0.975574 0 0 0 0 0.0244263 0 0 0 
1 1037.32 1
0 0.693821 0 0 0 0 0.306179 0 0 0 
26 0.50154 0
25 271.623 0
24 188.114 0
9 11.2456 0
9 2.13949 0
22 24.731 0
26 0 1
0 1 0 0 0 0 0 0 0 0 
0 2053.2 1
0 0.301496 0 0 0 0 0.698504 0 0 0 
20 2.09147 1
0 0.0109861 0 0 0 0 0.989014 0 0 0 
21 153.915 0
0 1153.22 1
0 0.840954 0 0 0 0 0.159046 0 0 0 
21 175.509 0
0 1551.29 1
0 0.0434228 0 0 0 0 0.956577 0 0 0 
10 48.0047 1
0 0 0 0 0 0 1 0 0 0 
6 1.05713 1
0 1 0 0 0 0 0 0 0 0 
39 0.995695 1
0 1 0 0 0 0 0 0 0 0 
44 0 1
0 1 0 0 0 0 0 0 0 0 
3 1402.31 0
25 238.001 0
9 59.2213 1
0 0.762485 0 0 0 0 0.237515 0 0 0 
0 919.548 0
9 0.177068 1
0 1 0 0 0 0 0 0 0 0 
16 134.305 0
47 0 1
0 1 0 0 0 0 0 0 0 0 
22 21.1169 0
26 0.500217 0
8 0.159607 0
16 583.47 1
0 1 0 0 0 0 0 0 0 0 
8 0.230308 1
0 0.0170609 0 0 0 0 0.0129066 0 0.970033 0 
30 0 1
0 0 0 0 0 1 0 0 0 0 
13 0.510292 1
0 0.097088 0 0.131715 0 0 0.771197 0 0 0 
2 1430.69 0
9 6.06357 0
27 0.742825 1
0 0.886294 0 0.0494135 0 0 0.0642929 0 0 0 
9 14.4917 0
38 0 1
0 0.531184 0 0 0 0 0.468816 0 0 0 
15 3.28115 0
17 4.22881 1
0 0.00912757 0 0 0 0 0.990872 0 0 0 
13 0.695 1
0 1 0 0 0 0 0 0 0 0 
22 19.97 0
7 7.83571 1
0 0.0391748 0 0 0 0 0.311176 0 0.649649 0 
25 273.316 1
0 0.0468388 0 0.953161 0 0 0 0 0 0 
1 2161.18 0
25 238.226 0
2 1481.27 0
25 237.605 0
35 0 1
0 0 0 1 0 0 0 0 0 0 
16 59.275 0
21 214.66 1
0 0 0.675636 0.324364 0 0 0 0 0 0 
8 0.195517 1
0 0 0.1381 0.8619 0 0 0 0 0 0 
37 0.226236 0
23 375.512 0
16 307.554 0
22 28.5105 0
21 207.927 1
0 0 0.634476 0.365524 0 0 0 0 0 0 
24 10.5346 1
0 0 1 0 0 0 0 0 0 0 
37 0 1
0 0 0 1 0 0 0 0 0 0 
18 75.0186 1
0 0 0 1 0 0 0 0 0 0 
9 14.0571 1
0 0 0.090238 0.909762 0 0 0 0 0 0 
18 57.9956 0
15 1.96256 1
0 0 0.938882 0.0611178 0 0 0 0 0 0 
2 645.079 0
21 218.5 0
30 0.172887 0
18 74.5756 0
3 1443.83 1
0 0 0.221208 0.778792 0 0 0 0 0 0 
9 0.176179 0
12 2.62062 1
0 0 0.776366 0.223634 0 0 0 0 0 0 
15 2.44386 1
0 0 0 1 0 0 0 0 0 0 
10 61.4833 1
0 0 0 1 0 0 0 0 0 0 
46 0 1
0 0 0.0111391 0.983985 0 0.00487542 0 0 0 0 
0 2304.55 0
16 341.814 0
25 284.987 0
20 230.165 0
1 232.762 0
16 209.195 1
0 0 0 1 0 0 0 0 0 0 
17 4.13379 1
0 0 0.837996 0.162004 0 0 0 0 0 0 
2 1182.21 1
0 0 0.079859 0.920141 0 0 0 0 0 0 
24 9.17894 1
0 0 0 0.354188 0 0.645812 0 0 0 0 
9 10.9734 0
4 0.105019 1
0 0 0.862048 0.137952 0 0 0 0 0 0 
34 0 1
0 0 0 1 0 0 0 0 0 0 
23 111.859 1
0 0 0 1 0 0 0 0 0 0 
14 1054.64 0
10 28.3516 0
20 285.58 1
0 0 0 0 0 1 0 0 0 0 
24 1226.8 0
16 455.018 0
25 306.716 0
24 9.4676 0
24 8.3766 1
0 0 0.992496 0.00750369 0 0 0 0 0 0 
15 2.06156 1
0 0 0.806424 0.193576 0 0 0 0 0 0 
29 0.767508 0
6 200.776 0
4 0.158273 1
0 0 1 0 0 0 0 0 0 0 
10 63.1616 1
0 0 0.533229 0 0 0.466771 0 0 0 0 
3 1091.67 1
0 0 0.79201 0 0 0.20799 0 0 0 0 
4 0.157883 1
0 0 0 1 0 0 0 0 0 0 
48 0 1
0 0 0 0 0 1 0 0 0 0 
19 78.9668 1
0 0 0 0 0 1 0 0 0 0 
18 54.01 0
47 0.897269 0
25 257.063 0
3 1486.35 0
47 0 1
0 1 0 0 0 0 0 0 0 0 
0 279.427 0
7 7.76275 0
3 1759.06 0
22 4.84996 1
0 0.00417014 0 0 0 0 0 0.99583 0 0 
7 7.58583 0
2 4031.42 0
53 0 1
0 0.00624219 0 0 0 0 0 0.993758 0 0 
18 14.6842 0
2 4140.89 0
16 8.06249 1
0 1 0 0 0 0 0 0 0 0 
0 134.229 1
0 0.0192131 0 0 0 0 0 0.980787 0 0 
22 0 1
0 1 0 0 0 0 0 0 0 0 
16 440.017 1
0 0.912296 0 0 0 0 0 0.0877038 0 0 
2 4950.44 0
49 0 1
0 0.989029 0 0 0 0 0 0.0109708 0 0 
0 93.0718 1
0 0.0144191 0 0 0 0 0 0.985581 0 0 
46 0.0687621 0
9 0.21882 1
0 1 0 0 0 0 0 0 0 0 
6 164.109 0
52 0 1
0 0 0 0 0 0 0 1 0 0 
3 1799.07 1
0 0.0178759 0 0 0 0 0 0.982124 0 0 
7 7.56953 0
7 7.45806 0
1 4699.05 1
0 0.0128674 0 0 0 0 0 0.987133 0 0 
2 4128.31 1
0 0.266107 0 0 0 0 0 0.733893 0 0 
3 1820.65 0
3 1609.32 0
1 4243.53 0
45 0.110376 1
0 0.774766 0 0.225234 0 0 0 0 0 0 
2 3857.24 0
0 566.266 1
0 0.0219655 0 0 0 0.978035 0 0 0 0 
32 0 1
0 0 0 0 0 0 0 1 0 0 
17 2.72391 1
0 0 0 0 0 0 0 1 0 0 
2 4657.63 1
0 0.996882 0 0 0 0 0 0.00311754 0 0 
0 2054.38 0
28 0.159648 0
18 11.1863 0
17 1.32697 1
1 0 0 0 0 0 0 0 0 0 
41 0.491138 0
0 1939.2 0
20 3.95132 1
1 0 0 0 0 0 0 0 0 0 
7 7.8401 0
12 2.54682 1
0.954003 0.0459972 0 0 0 0 0 0 0 0 
4 0.145314 1
0.707291 0.292709 0 0 0 0 0 0 0 0 
24 7.19786 0
12 0.864407 0
21 137.907 1
0.376594 0.623406 0 0 0 0 0 0 0 0 
12 0.892513 1
1 0 0 0 0 0 0 0 0 0 
7 8.19651 1
0.911265 0.0887348 0 0 0 0 0 0 0 0 
0 1029.74 1
0.678902 0.321098 0 0 0 0 0 0 0 0 
34 0 1
0 1 0 0 0 0 0 0 0 0 
7 14.6676 0
49 0.822166 0
1 6974.21 0
52 0.944266 0
7 7.76282 0
42 0.766439 0
51 0.362115 0
15 29.6632 0
30 0.731282 1
0 0.766843 0 0 0 0 0.0321014 0 0.201056 0 
26 0.473021 1
0 0.653564 0 0 0 0.346436 0 0 0 0 
3 1676.16 1
0 0.430315 0 0 0 0 0.569685 0 0 0 
25 249.574 0
41 0 1
0 0.671174 0 0 0 0.0622598 0.266566 0 0 0 
0 419.079 0
53 0 1
0 1 0 0 0 0 0 0 0 0 
0 2149.77 0
1 2973.4 0
4 0.143116 1
0 1 0 0 0 0 0 0 0 0 
40 0.907668 1
0 0.0602987 0 0 0 0.939701 0 0 0 0 
49 0 1
0 1 0 0 0 0 0 0 0 0 
42 0.339471 0
7 7.82239 0
28 0.430571 1
0 1 0 0 0 0 0 0 0 0 
14 31.7749 0
12 3.18158 0
19 84.5433 0
0 1798.52 1
0 0.0236329 0 0.0019237 0 0 0.00250296 0 0.97194 0 
27 0 1
0 1 0 0 0 0 0 0 0 0 
21 148.076 1
0 1 0 0 0 0 0 0 0 0 
42 0 1
0 1 0 0 0 0 0 0 0 0 
14 2.49457 0
19 142.455 0
7 7.87818 0
2 2829.21 1
0 0.25097 0 0 0 0 0.0553757 0 0.693654 0 
15 2.31533 0
25 236.749 1
0 0.0346835 0 0 0 0.0133131 0 0 0.952003 0 
47 0 1
0 0.08243 0 0 0 0.91757 0 0 0 0 
14 0.297621 1
0 1 0 0 0 0 0 0 0 0 
0 997.435 0
24 8.63132 1
0 0.57402 0 0 0 0.42598 0 0 0 0 
41 0.541918 1
0 0.0511444 0 0 0 0.948856 0 0 0 0 
21 577.124 0
0 423.635 0
38 0 1
0 1 0 0 0 0 0 0 0 0 
53 0.724966 0
0 2281.31 0
0 2159.23 0
0 1409.74 0
10 107.354 1
0 0.0875702 0 0 0 0.91243 0 0 0 0 
43 0.485578 1
0 0.00950288 0 0 0 0.990497 0 0 0 0 
2 1244.01 1
0 1 0 0 0 0 0 0 0 0 
19 75.9716 1
0 1 0 0 0 0 0 0 0 0 
29 0.0174053 0
16 392.587 0
25 264.966 0
27 0 1
0 0.917011 0 0 0 0.0829894 0 0 0 0 
4 0.0796872 1
0 0.453327 0 0 0 0.546673 0 0 0 0 
42 1 1
0 0.908856 0 0 0 0.0911436 0 0 0 0 
17 1.03314 1
0 0 0 0 0 1 0 0 0 0 
41 0 1
0 0 0 0 0 0 0 0 1 0 
23 308.609 0
21 207.121 0
48 0.817366 0
28 0.877546 0
0 104.528 1
0.758528 0.241472 0 0 0 0 0 0 0 0 
31 0.281156 1
0.077531 0.922469 0 0 0 0 0 0 0 0 
34 0.75525 0
22 14.4919 0
32 0.0139784 1
0 1 0 0 0 0 0 0 0 0 
18 109.987 0
16 170.638 0
30 0.142314 1
0 1 0 0 0 0 0 0 0 0 
21 177.265 1
0 0.399365 0 0 0.600635 0 0 0 0 0 
37 0.0757714 1
0 1 0 0 0 0 0 0 0 0 
25 250.521 0
14 0.323546 1
0 0.000392815 0 0 0.999607 0 0 0 0 0 
19 89.4989 0
1 8300 1
0 0.00143712 0 0 0.998563 0 0 0 0 0 
23 18.4995 0
17 5.31735 1
0 0.00401354 0 0 0.995986 0 0 0 0 0 
11 0.0286136 1
0 1 0 0 0 0 0 0 0 0 
9 235.255 1
0 0.005 0 0 0 0 0 0 0.995 0 
45 0 1
0 1 0 0 0 0 0 0 0 0 
36 0.70267 0
26 0.224897 0
21 167.746 0
16 400.12 0
2 948.382 0
37 0.572356 1
0 1 0 0 0 0 0 0 0 0 
11 0.0104713 0
24 7.76992 0
41 0 1
0 1 0 0 0 0 0 0 0 0 
1 1051.83 0
10 48.5052 1
0 0.684707 0 0 0 0 0.315293 0 0 0 
25 239.146 1
0 0.145679 0 0.237164 0 0 0.617157 0 0 0 
2 2620.05 1
0 0.941916 0 0.0580843 0 0 0 0 0 0 
0 1208.59 0
0 15.8787 0
26 0 1
0 1 0 0 0 0 0 0 0 0 
20 199.135 0
21 143.603 0
4 0.094565 1
0 1 0 0 0 0 0 0 0 0 
20 2.63525 1
0 0.0103821 0 0 0 0 0.989618 0 0 0 
41 0 1
0 1 0 0 0 0 0 0 0 0 
33 0 1
0 1 0 0 0 0 0 0 0 0 
10 137.812 0
33 0.966721 0
35 0.824762 0
22 7.03916 0
9 5.77627 1
0 0.43311 0 0 0 0 0.203225 0 0.363666 0 
0 2037.82 0
4 0.015489 1
0 0.00101423 0 0 0 0 0.998986 0 0 0 
20 2.28228 1
0 1 0 0 0 0 0 0 0 0 
10 12.4855 0
25 257.318 1
0 0.00721066 0 0 0 0 0.992789 0 0 0 
13 0.892112 1
0 0.000474244 0 0 0 0 0.999526 0 0 0 
25 255.785 1
0 0 0 1 0 0 0 0 0 0 
16 325.187 1
0 0.19724 0 0.80276 0 0 0 0 0 0 
19 14.189 1
0 0.866098 0 0 0 0.133902 0 0 0 0 
8 0.188733 1
0 0 0 0 0 0 0 0 1 0 
25 238.724 0
9 0.444828 0
21 148.918 1
0 0.0010313 0 0.998969 0 0 0 0 0 0 
2 893.472 0
16 454.763 1
0 0 0.0140662 0.985934 0 0 0 0 0 0 
18 85.901 0
9 5.05393 0
8 0.147052 1
0 0 1 0 0 0 0 0 0 0 
7 50.6542 1
0 0 0.0325041 0.967496 0 0 0 0 0 0 
0 2315.86 1
0 0 0.903599 0.0964012 0 0 0 0 0 0 
49 0.937811 0
0 735.319 0
15 1.85437 1
0 0.0203101 0 0 0 0.97969 0 0 0 0 
26 0.773083 0
22 25.0308 0
2 1202.42 1
0 0.00847473 0.646607 0.344919 0 0 0 0 0 0 
6 0.923667 1
0 0 0.992668 0.00733179 0 0 0 0 0 0 
14 762.685 0
18 131.443 0
22 29.1757 1
0 0 1 0 0 0 0 0 0 0 
25 289.803 1
0 0 0.695563 0 0 0.304437 0 0 0 0 
30 0 1
0 0 0 0 0 1 0 0 0 0 
2 655.289 0
25 268.985 0
17 1.92011 0
25 259.877 1
0 0 0 0.995835 0 0.00416459 0 0 0 0 
14 0.27534 1
0 0 0.342425 0.657575 0 0 0 0 0 0 
22 15.555 0
1 1181.91 1
0 0 0.951896 0.0481044 0 0 0 0 0 0 
0 2130.23 1
0 0 0.11209 0.88791 0 0 0 0 0 0 
13 0.117942 0
31 1 1
0 0 0 1 0 0 0 0 0 0 
37 0.95649 0
16 233.629 0
6 181.732 0
22 4.91324 0
25 266.285 0
18 56.25 1
0 0 0 1 0 0 0 0 0 0 
21 222.125 1
0 0 0.98684 0.0131602 0 0 0 0 0 0 
24 8.39681 0
2 1106.41 1
0 0 0 1 0 0 0 0 0 0 
16 210.972 1
0 0 0.724602 0.275398 0 0 0 0 0 0 
47 0 1
0 0 0 1 0 0 0 0 0 0 
24 8.56574 0
7 70.2156 1
0 0 0 1 0 0 0 0 0 0 
9 1.84306 0
43 0.62091 0
11 0.00816409 1
0 0 0.187943 0.812057 0 0 0 0 0 0 
17 1.14214 1
0 0.0210713 0.893169 0.0857596 0 0 0 0 0 0 
16 325.022 1
0 0 0.0462028 0.953797 0 0 0 0 0 0 
2 795.369 0
4 0.165578 1
0 0 0 1 0 0 0 0 0 0 
14 0.272869 0
5 0.041575 0
11 0.040436 0
0 2095.06 1
0 0 0.897419 0.102581 0 0 0 0 0 0 
50 0 1
0 0 0.675636 0.324364 0 0 0 0 0 0 
36 0 1
0 0 0.757543 0.242457 0 0 0 0 0 0 
46 0 1
0 0 0.935144 0.0528176 0 0.0120382 0 0 0 0 
18 55.6114 0
1 6245.17 0
3 1816.31 0
3 1694.77 0
6 135.484 0
33 0 1
0 1 0 0 0 0 0 0 0 0 
19 78.3066 0
42 0.9268 0
39 0 1
0 0.634191 0 0 0 0 0 0.365809 0 0 
20 257.019 1
0 0.0631233 0 0 0 0.936877 0 0 0 0 
22 0 1
0 0.55127 0 0.44873 0 0 0 0 0 0 
0 145.532 0
1 5107.77 1
0 0.0838688 0 0 0 0 0 0.916131 0 0 
46 0.691708 0
46 0 1
0 1 0 0 0 0 0 0 0 0 
17 3.43121 1
0 0.000463035 0 0 0 0 0 0.999537 0 0 
2 3886.07 0
50 0 1
0 1 0 0 0 0 0 0 0 0 
0 236.215 0
0 151.659 0
3 1932.11 0
39 0 1
0 1 0 0 0 0 0 0 0 0 
1 4868.69 0
2 4159.37 1
0 0.013415 0 0 0 0 0 0.986585 0 0 
18 11.6063 1
0 1 0 0 0 0 0 0 0 0 
32 0 1
0 0 0 0 0 0 0 1 0 0 
21 170.468 1
0 0 0 0 0 0 0 1 0 0 
16 334.151 0
21 163.652 0
23 33.876 0
5 0.199309 1
0.999673 0.000326486 0 0 0 0 0 0 0 0 
21 152.364 0
39 0 1
1 0 0 0 0 0 0 0 0 0 
6 1.15912 1
0.808745 0.191255 0 0 0 0 0 0 0 0 
19 96.9606 0
0 1909.18 0
17 1.01909 1
1 0 0 0 0 0 0 0 0 0 
0 1948 0
36 0 1
1 0 0 0 0 0 0 0 0 0 
6 1.21966 1
0.325815 0.674185 0 0 0 0 0 0 0 0 
0 1969.97 1
0.147192 0.852808 0 0 0 0 0 0 0 0 
23 10.0808 0
41 0 1
1 0 0 0 0 0 0 0 0 0 
18 11.7721 0
24 9.42161 1
0.0261464 0.973854 0 0 0 0 0 0 0 0 
6 107.094 1
0.662538 0.337462 0 0 0 0 0 0 0 0 
45 0.0880124 0
1 6717.81 0
7 47.6907 0
52 0.743997 0
21 144.058 0
1 5420.02 0
44 0.461267 0
22 14.2752 1
0 0.905006 0 0 0 0.064371 0.0306228 0 0 0 
14 41.8913 1
0 0.26064 0 0 0 0.0743928 0 0 0.664967 0 
0 2189.75 0
0 1465.03 0
30 0.382252 1
0 0.790491 0 0 0 0.209509 0 0 0 0 
40 0.343815 1
0 0.0511443 0 0 0 0.948856 0 0 0 0 
11 0.0151939 1
0 1 0 0 0 0 0 0 0 0 
15 3.77436 0
17 1.56675 0
24 65.1722 0
1 5401.25 0
21 156.894 0
28 0.825932 1
0 1 0 0 0 0 0 0 0 0 
14 40.2969 1
0 0.0500263 0 0.00160319 0 0.00146159 0.00625783 0 0.940651 0 
14 12.6315 0
17 1.02535 1
0 0.0431219 0 0 0 0.0363645 0.0103797 0 0.910134 0 
41 0 1
0 0 0 0 0 1 0 0 0 0 
1 3147.21 1
0 0.111741 0.473645 0 0 0.414614 0 0 0 0 
50 0 1
0 1 0 0 0 0 0 0 0 0 
31 1 1
0 1 0 0 0 0 0 0 0 0 
36 0.0657845 0
0 218.609 0
26 0.786798 1
0 1 0 0 0 0 0 0 0 0 
0 2181.33 0
29 0.506441 0
23 255.81 0
18 119.995 0
2 1149.81 1
0 0.0774704 0 0 0 0.92253 0 0 0 0 
18 123.293 1
0 0.829092 0 0 0 0.170908 0 0 0 0 
6 1.15091 1
0 1 0 0 0 0 0 0 0 0 
43 0.637038 0
1 5344.24 1
0 0 0 0 0 1 0 0 0 0 
4 0.291422 0
14 70.6472 1
0 0.00978054 0 0 0 0.990219 0 0 0 0 
30 1 1
0 1 0 0 0 0 0 0 0 0 
40 0.577006 1
0 1 0 0 0 0 0 0 0 0 
45 0 1
0 0 0 0 0 0 0 0 1 0 
25 251.062 0
32 0 1
0 0 0 1 0 0 0 0 0 0 
10 26.1464 0
45 0 1
0 0.0429867 0 0 0 0.957013 0 0 0 0 
29 0.820556 0
24 8.22784 0
9 0.188446 1
0 0.19724 0 0.80276 0 0 0 0 0 0 
8 0.14145 0
12 2.19634 1
0 0 0.844913 0.0811262 0 0.073961 0 0 0 0 
50 0 1
0 0 0.986275 0.0137246 0 0 0 0 0 0 
18 86.3988 1
0 0 0.810746 0 0 0.189254 0 0 0 0 
20 161.493 0
33 0.64415 0
22 24.7797 0
18 83.7928 0
25 258.658 0
3 1000 1
0 1 0 0 0 0 0 0 0 0 
28 0.488695 1
0.311801 0.688199 0 0 0 0 0 0 0 0 
12 3.18822 1
0.347307 0.099987 0 0 0 0 0 0 0.552706 0 
48 0.117731 0
31 0.980615 1
0.278821 0.721179 0 0 0 0 0 0 0 0 
8 7.67905 0
23 456.289 0
24 136.25 0
22 28.8102 0
14 0.41442 1
0 0.812096 0 0 0.187904 0 0 0 0 0 
22 34.2689 1
0 0.0107528 0 0 0.989247 0 0 0 0 0 
47 0 1
0 1 0 0 0 0 0 0 0 0 
12 2.65653 1
0 1 0 0 0 0 0 0 0 0 
43 0 1
0 1 0 0 0 0 0 0 0 0 
46 0 1
0 0 1 0 0 0 0 0 0 0 
7 22.7901 0
36 0.0674436 1
0 0.113586 0 0 0 0 0 0 0.886414 0 
45 0 1
0 0 1 0 0 0 0 0 0 0 
33 0.833563 0
43 0.237366 0
26 0.4521 0
21 143.897 0
19 123.814 0
44 0 1
0 0.964922 0 0 0 0 0.0350784 0 0 0 
3 1799.81 1
0 0.693821 0 0 0 0 0.306179 0 0 0 
24 270.411 0
8 4.69202 0
9 0.258438 0
22 27.1403 1
0 0.851171 0 0 0 0 0.148829 0 0 0 
3 1143.91 0
16 454.159 0
31 1 1
0 1 0 0 0 0 0 0 0 0 
0 1570.31 1
0 0.111816 0 0 0 0 0.888184 0 0 0 
35 0.0367456 0
1 885.34 1
0 0.0481856 0 0 0 0 0.951814 0 0 0 
48 0 1
0 0 0 0 0 0 1 0 0 0 
10 142.596 1
0 1 0 0 0 0 0 0 0 0 
7 7.74242 1
0 1 0 0 0 0 0 0 0 0 
39 0.551442 1
0 1 0 0 0 0 0 0 0 0 
35 0.0125221 0
22 15.7793 0
2 1009.79 0
5 0.0138526 1
0 0.921837 0 0.0781634 0 0 0 0 0 0 
13 0.565302 0
3 1741.45 0
13 0.445733 0
15 2.27067 1
0 1 0 0 0 0 0 0 0 0 
7 7.57292 0
32 0 1
0 1 0 0 0 0 0 0 0 0 
0 2197.74 1
0 0.0657147 0 0 0 0.00840808 0.0239995 0 0.901878 0 
13 0.499528 0
3 1801.53 1
0 1 0 0 0 0 0 0 0 0 
14 0.305665 1
0 0.0305128 0 0 0 0 0.969487 0 0 0 
21 162.867 1
0 0.581233 0 0 0 0.172533 0.246234 0 0 0 
21 164.898 0
2 1138.17 0
4 0.0794194 1
0 0.825205 0 0 0 0 0.174795 0 0 0 
1 982.765 0
37 0 1
0 1 0 0 0 0 0 0 0 0 
22 28.7637 1
0 0.0334511 0 0.226908 0 0 0 0 0.739641 0 
25 277.95 0
10 62.0458 0
26 0.844079 0
7 6.97246 1
0 0.0168774 0 0 0 0 0.983123 0 0 0 
22 28.55 1
0 1 0 0 0 0 0 0 0 0 
29 0 1
0 1 0 0 0 0 0 0 0 0 
45 1 1
0 0.10941 0 0.89059 0 0 0 0 0 0 
8 0.0872973 1
0 0.0139651 0 0 0 0 0.986035 0 0 0 
16 386.025 0
2 655.654 0
18 61.8275 0
0 1522.97 1
0 0 0.608018 0.391982 0 0 0 0 0 0 
43 0.397341 0
49 0.559969 0
12 2.14 1
0 0 1 0 0 0 0 0 0 0 
26 0.236544 0
3 1561.2 1
0 0 0 1 0 0 0 0 0 0 
8 0.163767 1
0 0 0.609713 0.390287 0 0 0 0 0 0 
12 2.1365 0
11 0.0859143 1
0 0 0 0.929391 0 0.0706088 0 0 0 0 
11 0.0218753 0
15 2.39755 0
2 392.72 1
0 0 0.675636 0.324364 0 0 0 0 0 0 
30 0 1
0 0 0 1 0 0 0 0 0 0 
36 0 1
0 0 0.147906 0.852094 0 0 0 0 0 0 
0 1310.57 0
25 262.403 0
43 0.0116228 0
10 60.4134 1
0 0 0 1 0 0 0 0 0 0 
19 76.4079 0
12 2.21373 1
0 0 0.0769103 0.92309 0 0 0 0 0 0 
23 437.145 1
0 0 0.624958 0.375042 0 0 0 0 0 0 
24 9.69626 0
15 1.81776 0
11 0.0631631 1
0 0 0 1 0 0 0 0 0 0 
21 222.817 0
30 0.518805 1
0 0 1 0 0 0 0 0 0 0 
18 111.743 1
0 0 0.935818 0.0641819 0 0 0 0 0 0 
2 688.862 1
0 0 0 1 0 0 0 0 0 0 
1 568.678 0
9 8.7645 1
0 0 0 1 0 0 0 0 0 0 
0 2329.71 0
4 0.0158936 0
5 0.0564945 1
0 0 0.409793 0.590207 0 0 0 0 0 0 
0 2317 0
0 2039.4 0
37 0.936805 1
0 0 0 0.868096 0 0.131904 0 0 0 0 
2 851.498 1
0 0 0.883374 0.116626 0 0 0 0 0 0 
5 0.0300041 1
0 0 0 1 0 0 0 0 0 0 
5 0.0262307 1
0 0 0 1 0 0 0 0 0 0 
25 252.606 0
1 635.994 1
0 0 0 1 0 0 0 0 0 0 
9 14.6464 1
0 0 0.187943 0.812057 0 0 0 0 0 0 
18 42.05 0
47 0.411293 0
2 3865.88 0
42 0.783451 0
47 0 1
0 1 0 0 0 0 0 0 0 0 
6 118.86 0
30 0.974616 1
0 1 0 0 0 0 0 0 0 0 
10 45.8089 1
0 0.0201629 0 0.0820625 0 0.897775 0 0 0 0 
1 4864.29 0
1 4122.64 0
3 2227.95 1
0 0.698027 0 0 0 0 0 0.301973 0 0 
0 861.077 0
18 11.8125 0
47 0 1
0 0.000627766 0 0 0 0 0 0.999372 0 0 
3 1595.77 1
0 0.0129016 0 0 0 0 0 0.987098 0 0 
3 1884.67 1
0 0.0537844 0 0 0 0 0 0.946216 0 0 
27 0 1
0 1 0 0 0 0 0 0 0 0 
28 0.138022 0
0 1933.79 0
26 0.857713 0
26 0 1
0.999722 0.000277649 0 0 0 0 0 0 0 0 
19 142.678 1
0.894261 0.105739 0 0 0 0 0 0 0 0 
0 2033.22 0
7 7.9105 0
24 9.40685 0
19 17.6973 1
0.980212 0.0197881 0 0 0 0 0 0 0 0 
9 0.266264 1
0.601629 0.398371 0 0 0 0 0 0 0 0 
7 7.955 1
0 1 0 0 0 0 0 0 0 0 
1 7220 1
0 1 0 0 0 0 0 0 0 0 
7 7.59097 0
34 0 1
0 1 0 0 0 0 0 0 0 0 
24 10.2982 1
0.678902 0.321098 0 0 0 0 0 0 0 0 
49 0.588333 0
1 5855.8 0
33 0.118412 0
52 0.139988 0
14 38.8858 0
10 68.6182 0
17 3.24085 0
14 0.22474 0
46 0.606707 1
0 0.113586 0 0 0 0 0 0 0.886414 0 
0 2309.54 0
1 1796.76 0
17 3.15591 1
0 0.0281765 0 0 0 0 0.0373023 0 0.934521 0 
0 685.966 1
0 0.0905097 0 0.00139535 0 0.0127211 0.00726205 0.00118652 0.886925 0 
31 0.2313 1
0 1 0 0 0 0 0 0 0 0 
17 3.3987 1
0 1 0 0 0 0 0 0 0 0 
7 7.77101 0
21 148.642 0
25 248.401 0
16 231.391 0
6 1.17365 1
0 0.111816 0 0 0 0 0.888184 0 0 0 
38 0 1
0 1 0 0 0 0 0 0 0 0 
1 5392.11 1
0 0 0 0 0 1 0 0 0 0 
34 0 1
0 1 0 0 0 0 0 0 0 0 
49 0 1
0 1 0 0 0 0 0 0 0 0 
43 0.784509 0
42 0.986072 0
45 0 1
0 1 0 0 0 0 0 0 0 0 
5 0.0820261 1
0 0.0165651 0 0 0 0.983435 0 0 0 0 
3 1451.14 0
32 0.0988676 0
16 191.275 0
6 1.27997 1
0 1 0 0 0 0 0 0 0 0 
16 471.417 0
20 2.18739 1
0 0.255402 0 0 0 0.744598 0 0 0 0 
24 8.71476 1
0 1 0 0 0 0 0 0 0 0 
43 1 1
0 1 0 0 0 0 0 0 0 0 
12 176.838 1
0 1 0 0 0 0 0 0 0 0 
9 263.812 0
0 544.044 0
18 108.462 1
0 1 0 0 0 0 0 0 0 0 
2 1607.4 0
0 2212.96 0
29 0.641759 0
2 1029.04 0
17 1.2539 1
0 0.00781865 0 0 0 0.992181 0 0 0 0 
23 340.441 1
0 0.0786703 0 0 0 0.92133 0 0 0 0 
1 5115.64 0
20 123.064 1
0 0.000918965 0 0 0 0.999081 0 0 0 0 
40 0.635233 1
0 0.00592065 0 0 0 0.994079 0 0 0 0 
2 1173.22 1
0 1 0 0 0 0 0 0 0 0 
29 0.02314 0
25 259.522 0
18 84.511 1
0 0.882988 0 0 0 0.117012 0 0 0 0 
43 0.994624 0
2 2412.27 1
0 0.80685 0 0 0 0.193149 0 0 0 0 
0 1901.72 1
0 0.391661 0 0 0 0.608339 0 0 0 0 
14 240.794 0
4 0.243232 0
40 0.824746 1
0 0.0370734 0 0 0 0.962927 0 0 0 0 
44 0 1
0 1 0 0 0 0 0 0 0 0 
18 75.6144 1
0 0 0 0 0 1 0 0 0 0 
5 0.0523319 1
0 0 0 0 0 0 0 0 1 0 
16 534.589 0
25 295.534 0
26 0.421845 0
16 242.146 0
18 111.837 0
15 2.46939 0
13 0.611499 1
0 0 0.986076 0.0139236 0 0 0 0 0 0 
15 2.49377 1
0 0 0.806424 0.193576 0 0 0 0 0 0 
42 0 1
0 0 0 1 0 0 0 0 0 0 
34 0 1
0 0 0 1 0 0 0 0 0 0 
33 1 1
0 0 0.987988 0 0 0.0120119 0 0 0 0 
18 134.773 0
6 180.838 0
1 5428.47 0
24 1218.06 1
0 0 0.987103 0 0 0.0128967 0 0 0 0 
46 0 1
0 0 0 0 0 1 0 0 0 0 
3 1038.98 1
0 0 0.22215 0 0 0.77785 0 0 0 0 
12 2.18695 1
0 0 0 0 0 1 0 0 0 0 
18 110.206 1
0 0 0 1 0 0 0 0 0 0 
42 0.246161 0
33 0.596808 0
2 2725.74 0
23 151.733 0
21 567.441 0
34 0.838785 0
7 7.8088 0
22 16.9809 0
26 0 1
0 1 0 0 0 0 0 0 0 0 
4 0.186384 1
0 0.732154 0 0 0.267846 0 0 0 0 0 
39 0 1
0 1 0 0 0 0 0 0 0 0 
6 1.14092 0
30 0.57281 0
7 7.1114 1
0 0.00715605 0 0 0.992844 0 0 0 0 0 
14 0.389762 1
0 0 0 0 1 0 0 0 0 0 
17 1.03635 1
0 0 0 0 1 0 0 0 0 0 
32 0 1
0 0 0 0 0 0 0 0 1 0 
51 0 1
0 1 0 0 0 0 0 0 0 0 
44 0.459333 0
43 0.498301 0
28 0.795668 0
30 0.200097 0
19 67.7106 1
0.118354 0.881646 0 0 0 0 0 0 0 0 
36 0 1
1 0 0 0 0 0 0 0 0 0 
12 3.48348 1
0 1 0 0 0 0 0 0 0 0 
14 0.332781 1
1 0 0 0 0 0 0 0 0 0 
12 2.04533 1
1 0 0 0 0 0 0 0 0 0 
12 2.40717 1
0 0 1 0 0 0 0 0 0 0 
7 8.30733 0
11 0.0100962 0
2 3707.42 0
29 0.0684655 0
9 33.9053 0
3 1229.87 1
0 1 0 0 0 0 0 0 0 0 
30 0.347613 1
0 0 0 0 0 0 0.0383838 0 0.961616 0 
11 0 1
0 0 0 0 0 1 0 0 0 0 
23 10.9822 1
0.0898235 0.0135175 0 0 0 0 0 0 0.896659 0 
18 108.891 1
0.0114737 0.151947 0 0 0.171394 0.0352375 0 0 0.629948 0 
33 0.517604 1
0 0.0264998 0.9735 0 0 0 0 0 0 0 
21 151.193 0
2 1237.59 0
21 145.597 0
9 1.51886 0
39 0.0371781 1
0 0.962057 0 0.00773821 0 0 0.030205 0 0 0 
25 230.077 1
0 0.898739 0 0 0 0 0.101261 0 0 0 
47 0 1
0 0.0450815 0 0 0 0 0.954919 0 0 0 
2 1642.24 0
9 1.4256 1
0 0.051192 0 0 0 0 0.948808 0 0 0 
6 1.12772 0
46 0 1
0 0 0 0 0 1 0 0 0 0 
9 0.33486 1
0 0.113889 0 0.463525 0 0.422586 0 0 0 0 
7 8.61541 0
9 225.582 0
10 141.535 0
26 0.907972 0
24 301.79 0
9 0.397822 0
2 503.612 0
16 573.877 1
0 1 0 0 0 0 0 0 0 0 
19 29.0698 0
22 18.288 1
0 0.133828 0 0 0 0 0.866172 0 0 0 
9 0.107568 1
0 0.834352 0 0.165648 0 0 0 0 0 0 
35 0.471395 0
0 1413.08 0
43 0.265343 1
0 0.00230698 0 0 0 0 0.997693 0 0 0 
51 0 1
0 1 0 0 0 0 0 0 0 0 
4 0.0358918 0
8 0.118875 1
0 0.0120365 0 0 0 0 0.987963 0 0 0 
47 0 1
0 0 0 0 0 0 1 0 0 0 
18 110.765 1
0 1 0 0 0 0 0 0 0 0 
32 0 1
0 1 0 0 0 0 0 0 0 0 
16 260.741 0
29 0 1
0 1 0 0 0 0 0 0 0 0 
19 188.376 1
0 0.0894861 0 0.910514 0 0 0 0 0 0 
6 1.01111 1
0 0 0 0 0 0 0 0 1 0 
25 237.421 0
3 1914.09 0
43 0.937867 0
4 0.161858 1
0 0 0 1 0 0 0 0 0 0 
2 2583.47 0
1 1351.67 0
0 2236.32 1
0 0 0.0847319 0.915268 0 0 0 0 0 0 
14 0.23 1
0 0 0.675636 0.324364 0 0 0 0 0 0 
12 0.84071 1
0 0 0.675636 0.324364 0 0 0 0 0 0 
19 85.5309 0
16 327.879 0
17 1.06247 1
0 0 0.847434 0.152566 0 0 0 0 0 0 
8 0.184723 1
0 0 0 1 0 0 0 0 0 0 
45 1 1
0 0 0.103718 0.896282 0 0 0 0 0 0 
25 268.833 0
3 1307.44 0
23 152.452 0
20 225.732 0
2 424.311 0
5 0.00565903 1
0 0 0 1 0 0 0 0 0 0 
16 397.598 0
17 4.04452 1
0 0 0.862048 0.137952 0 0 0 0 0 0 
4 0.217284 1
0 0 0.0670129 0.932987 0 0 0 0 0 0 
8 0.118817 1
0 0 0 1 0 0 0 0 0 0 
9 51.0341 1
0 0 0.03649 0.96351 0 0 0 0 0 0 
2 400.178 0
13 1040.47 1
0 0 0 0.99507 0 0.00493034 0 0 0 0 
21 223.038 0
0 2199.72 0
20 222.675 0
46 0 1
0 0 0.0670129 0.932987 0 0 0 0 0 0 
21 220.424 1
0 0 0.581352 0.418648 0 0 0 0 0 0 
6 0.987827 0
48 0 1
0 0 0 1 0 0 0 0 0 0 
4 0.0984184 1
0 0 0.877174 0.122826 0 0 0 0 0 0 
6 1.111 1
0 0 0.0371407 0.962859 0 0 0 0 0 0 
22 10.9155 0
1 1417.3 0
44 0.257393 0
15 1.9811 0
16 232.391 1
0 0.0116583 0.988342 0 0 0 0 0 0 0 
47 0 1
0 0 0.992554 0.00744549 0 0 0 0 0 0 
3 1000 1
0 0 0 1 0 0 0 0 0 0 
6 1.04868 1
0 0 0.409793 0.590207 0 0 0 0 0 0 
2 383.321 0
43 0.482988 1
0 0 0 1 0 0 0 0 0 0 
23 208.461 0
0 2234.65 0
21 227.887 1
0 0 0.794906 0.173465 0 0.0316289 0 0 0 0 
26 0 1
0 0 0.147906 0.852094 0 0 0 0 0 0 
7 69.923 1
0 0 0 1 0 0 0 0 0 0 
18 38.6673 0
3 1047.28 0
28 0.172671 0
41 0.394444 0
19 103.709 0
1 1252.26 0
40 0 1
0 1 0 0 0 0 0 0 0 0 
0 1919 0
38 0 1
0.999704 0.000295593 0 0 0 0 0 0 0 0 
25 264.487 0
29 0 1
0.994123 0.00587732 0 0 0 0 0 0 0 0 
4 0.073842 0
4 0.0523649 1
1 0 0 0 0 0 0 0 0 0 
16 8.04627 1
0.376594 0.623406 0 0 0 0 0 0 0 0 
0 1944.55 1
0.958256 0.0417441 0 0 0 0 0 0 0 0 
26 0.254034 0
8 0.229728 1
0.887046 0.112954 0 0 0 0 0 0 0 0 
13 0.530258 1
0.547138 0.452862 0 0 0 0 0 0 0 0 
43 0.419482 0
20 138.916 0
2 3814.77 1
0 1 0 0 0 0 0 0 0 0 
2 4366.7 1
0.311801 0.688199 0 0 0 0 0 0 0 0 
23 10.7534 1
0.90061 0.0993902 0 0 0 0 0 0 0 0 
25 247.346 0
3 1624.73 0
12 169.93 1
0 1 0 0 0 0 0 0 0 0 
46 0.853679 0
51 0 1
0 1 0 0 0 0 0 0 0 0 
0 161.646 0
1 4743.03 0
1 4111.13 0
4 0.0445405 1
0 1 0 0 0 0 0 0 0 0 
25 237.794 0
38 0 1
0 0 0 0 0 0 0 1 0 0 
21 133.849 0
20 2.18785 1
0 0.0603358 0 0 0 0 0 0.939664 0 0 
5 0.0114865 1
0 0.278114 0 0 0 0 0 0.721886 0 0 
28 0.617573 1
0 1 0 0 0 0 0 0 0 0 
46 1 1
0 0 0 0 0 0 0 1 0 0 
1 4756.28 0
1 4614.38 0
1 4354.81 0
3 1768.81 0
2 3125.64 0
37 0 1
0 1 0 0 0 0 0 0 0 0 
1 2088.53 0
34 0 1
0 1 0 0 0 0 0 0 0 0 
1 3390.56 1
0 0 0 0.824684 0 0 0 0.175316 0 0 
18 11.582 1
0 0 0 0 0 0 0 1 0 0 
2 4466.71 1
0 0.994449 0 0 0 0 0 0.00555105 0 0 
47 0 1
0 0 0 0 0 0 0 1 0 0 
18 20.3707 1
0 0 0 0 0 0.0412204 0 0.95878 0 0 
7 20.5773 0
1 4022.05 0
43 0.476719 0
45 0.650906 0
2 2352.53 0
36 0 1
0 1 0 0 0 0 0 0 0 0 
2 3633.39 1
0 0.0111621 0 0 0 0 0 0.00160961 0.987228 0 
9 6.79314 0
21 166.837 0
2 1062.33 0
20 2.04639 1
0 1 0 0 0 0 0 0 0 0 
9 2.89201 0
3 1545.82 1
0 0.873602 0 0 0 0 0.126398 0 0 0 
44 0 1
0 0 0 0 0 0 1 0 0 0 
25 255.624 0
36 0 1
0 1 0 0 0 0 0 0 0 0 
25 267.937 0
20 2.35888 1
0 0.124059 0 0 0 0 0.875941 0 0 0 
46 0 1
0 1 0 0 0 0 0 0 0 0 
26 0.916435 0
18 103.791 0
3 1077.59 0
22 0 1
0 0.858012 0 0 0 0 0.141988 0 0 0 
21 158.197 0
7 7.8105 1
0 0.435377 0 0 0 0 0.564623 0 0 0 
13 0.372638 1
0 0.000737108 0 0 0 0 0.999263 0 0 0 
4 0.0356181 1
0 0 0 0 0 0 1 0 0 0 
1 739.713 1
0 1 0 0 0 0 0 0 0 0 
14 13.9695 0
3 1688.73 0
10 80.6778 0
16 29.3581 0
39 0.800909 0
15 2.0019 1
0 0.345725 0 0.0351773 0 0 0.0457699 0 0.573328 0 
22 1.83023 1
0 0.19724 0 0.80276 0 0 0 0 0 0 
18 70.3225 0
13 0.525496 1
0 1 0 0 0 0 0 0 0 0 
1 3573.65 0
35 0.190007 0
7 7.60842 1
0 0.0578405 0 0.00351357 0 0.00640648 0.0160005 0 0.916239 0 
37 0 1
0 0.0363933 0 0 0 0 0.963607 0 0 0 
14 0.310887 1
0 1 0 0 0 0 0 0 0 0 
8 5.08094 0
25 228.336 1
0 0.878624 0 0 0 0 0.121376 0 0 0 
16 275.547 1
0 0.282189 0 0.717811 0 0 0 0 0 0 
1 886.229 0
13 0.708327 1
0 0.073389 0 0.149345 0 0 0.777266 0 0 0 
42 0.485997 0
21 137.052 0
3 1818.06 0
51 0 1
0 0.739079 0 0 0 0 0.260921 0 0 0 
14 0.276145 0
20 2.215 1
0 1 0 0 0 0 0 0 0 0 
19 100.997 1
0 0.175971 0 0.358099 0 0 0.46593 0 0 0 
26 0.747427 0
1 3072.34 0
7 8.17393 1
0 0.0566795 0 0 0 0 0.943321 0 0 0 
14 0.348393 1
0 1 0 0 0 0 0 0 0 0 
48 0 1
0 1 0 0 0 0 0 0 0 0 
19 96.7793 1
0 1 0 0 0 0 0 0 0 0 
2 1390.08 0
28 0.909779 1
0 1 0 0 0 0 0 0 0 0 
19 104.313 0
35 0 1
0 1 0 0 0 0 0 0 0 0 
15 2.16269 1
0 0.118751 0 0 0 0.881249 0 0 0 0 
2 1971.91 0
36 0.65434 0
0 2182.5 0
0 599.735 0
1 5488.52 1
0 1 0 0 0 0 0 0 0 0 
0 1501.6 0
0 1157.62 0
21 202.828 0
14 87.3068 0
18 93.9279 1
0 0.102412 0 0 0 0.897588 0 0 0 0 
15 1.97552 1
0 0 0 0 0 1 0 0 0 0 
46 0 1
0 1 0 0 0 0 0 0 0 0 
45 0 1
0 1 0 0 0 0 0 0 0 0 
1 4515.14 0
27 0 1
0 1 0 0 0 0 0 0 0 0 
40 0.0316167 0
53 0.389974 0
19 14.8145 1
0 0.00473599 0 0 0 0.995264 0 0 0 0 
1 4997.5 1
0 0.0275864 0 0 0 0.972414 0 0 0 0 
18 148.629 1
0 0.402544 0 0 0 0.597456 0 0 0 0 
9 14.0134 1
0 1 0 0 0 0 0 0 0 0 
23 617.997 1
0 0 0 0 0 0 0 0 1 0 
21 200.671 0
2 4032.28 0
1 5737.62 0
21 169.62 0
18 82.8873 0
2 2738.77 0
16 112.429 0
35 0 1
0 0.82084 0 0 0 0.17916 0 0 0 0 
21 164.902 1
0 0.125672 0 0 0 0.874328 0 0 0 0 
30 0.252055 1
0 0.653564 0 0 0 0.346436 0 0 0 0 
16 96.8696 0
16 21.1958 1
0 0.177364 0 0 0 0.822636 0 0 0 0 
14 54.7865 1
0 0.935705 0 0 0 0.064295 0 0 0 0 
21 190.037 1
0 0.0881442 0 0 0 0.122647 0.0583462 0 0.730862 0 
34 0.222285 0
22 28.2789 0
9 26.0646 1
0 0.985814 0 0 0 0 0.0141858 0 0 0 
0 197.401 0
52 0 1
0 1 0 0 0 0 0 0 0 0 
40 0.453687 0
13 0.77212 1
0 0.391261 0 0 0.608739 0 0 0 0 0 
5 0.112439 1
0 1 0 0 0 0 0 0 0 0 
17 5.6729 0
4 0.158258 0
20 2.00137 1
0 0.000426039 0 0 0.999574 0 0 0 0 0 
17 5.20644 0
7 7.11743 1
0 0.001456 0 0 0.998544 0 0 0 0 0 
38 0 1
0 1 0 0 0 0 0 0 0 0 
41 0 1
0 0.181425 0 0 0.818575 0 0 0 0 0 
28 0.287461 0
18 75.7499 0
15 1.89701 0
47 0.565381 0
11 0.0177135 1
0 0.435194 0 0 0 0 0 0.564806 0 0 
38 0 1
0.751272 0.248728 0 0 0 0 0 0 0 0 
7 7.88736 0
17 2.67308 1
0 1 0 0 0 0 0 0 0 0 
1 4930.89 1
0.707291 0.292709 0 0 0 0 0 0 0 0 
5 0.0752542 1
0.954215 0.0457852 0 0 0 0 0 0 0 0 
31 0.590932 0
6 260.918 1
0.81919 0.18081 0 0 0 0 0 0 0 0 
8 0.214386 1
0 1 0 0 0 0 0 0 0 0 
15 2.17684 0
22 29.3375 0
23 493.436 0
52 0.528581 0
0 2086.44 0
8 0.15769 0
31 1 1
0 0.00995025 0 0 0 0 0 0 0.99005 0 
26 0.860115 1
0.00128626 0.00212925 0 0 0 0.0079006 0 0 0.988684 0 
53 0 1
0 1 0 0 0 0 0 0 0 0 
40 0 1
0 1 0 0 0 0 0 0 0 0 
18 74.678 1
0 1 0 0 0 0 0 0 0 0 
46 0 1
0 0 0 0 0 0.182839 0 0 0.817161 0 
42 0 1
0 0.549344 0 0 0.450656 0 0 0 0 0 
45 0.639631 0
1 2465.37 0
25 241.812 0
53 0 1
0 0 0 1 0 0 0 0 0 0 
10 30.3981 0
10 12.305 1
0 1 0 0 0 0 0 0 0 0 
19 80.8714 0
39 0 1
0 0 1 0 0 0 0 0 0 0 
19 84.0816 0
0 828.321 1
0 0 0.257698 0.742302 0 0 0 0 0 0 
32 0 1
0 0 1 0 0 0 0 0 0 0 
19 22.8123 0
49 0 1
0 0 0 0 0 1 0 0 0 0 
18 117.706 0
2 612.416 0
4 0.155316 1
0 0 0 0 0 1 0 0 0 0 
18 86.5147 0
33 0.450075 1
0 0.000998648 0.999001 0 0 0 0 0 0 0 
13 1014.31 0
6 233.006 1
0 0 0.979583 0 0 0.0204166 0 0 0 0 
10 50.9949 1
0 0 0 0 0 1 0 0 0 0 
32 0.904878 1
0 0 0 0 0 1 0 0 0 0 
17 2.01998 0
3 1517.16 0
24 8.54537 0
21 207.551 0
43 0.29425 1
0 0.00805724 0.204918 0.787025 0 0 0 0 0 0 
26 0 1
0 0 0 1 0 0 0 0 0 0 
2 935.575 0
34 0 1
0 0 0 1 0 0 0 0 0 0 
25 294.411 0
13 0.0868308 0
9 0.286924 1
0 0 0 1 0 0 0 0 0 0 
25 265.319 0
27 0.910185 0
16 444.139 1
0 0 0.723437 0.276563 0 0 0 0 0 0 
24 9.49491 1
0 0 0 1 0 0 0 0 0 0 
23 10.4449 0
24 9.16852 1
0 0 0.811046 0.129791 0 0.0591636 0 0 0 0 
3 1227.51 1
0 0.0061829 0.943489 0.0503284 0 0 0 0 0 0 
23 10.52 1
0 0 0 0 0 1 0 0 0 0 
2 706.879 0
26 0.911496 0
33 0.488167 1
0 0 0.00385675 0.996143 0 0 0 0 0 0 
22 1.77439 0
43 0 1
0 0 1 0 0 0 0 0 0 0 
2 307.768 1
0 0 0.208408 0.700376 0 0.0912167 0 0 0 0 
18 95.1299 0
36 0 1
0 0 0.0424375 0.957562 0 0 0 0 0 0 
3 1607.71 0
6 1.11968 1
0 0 0 1 0 0 0 0 0 0 
10 47.0376 0
26 0.809147 1
0 0 0 1 0 0 0 0 0 0 
13 0.348636 0
38 0 1
0 0 0 1 0 0 0 0 0 0 
7 73.3225 0
16 258.994 1
0 0 0.915479 0.0845209 0 0 0 0 0 0 
38 0 1
0 0 0.510159 0.489841 0 0 0 0 0 0 
15 2.16549 0
18 75.7593 1
0 0 0.0692405 0.930759 0 0 0 0 0 0 
16 252.326 0
1 810.858 0
12 2.2232 1
0 0 0.257698 0.742302 0 0 0 0 0 0 
15 2.50149 0
0 2321.01 0
22 29.2125 0
1 1063.1 0
39 0.316235 1
0 0 0.982206 0.0177941 0 0 0 0 0 0 
17 3.38532 1
0 0 0.794592 0.205408 0 0 0 0 0 0 
29 0 1
0 0 0 1 0 0 0 0 0 0 
42 0 1
0 0 0 1 0 0 0 0 0 0 
28 1 1
0 0 0 1 0 0 0 0 0 0 
0 2211.11 0
51 0 1
0 0 1 0 0 0 0 0 0 0 
3 1063.54 0
23 175.537 1
0 0 0 1 0 0 0 0 0 0 
16 468.635 0
46 0 1
0 0 0 1 0 0 0 0 0 0 
13 0.550999 1
0 0 0.757543 0.242457 0 0 0 0 0 0 
